864	0	776	911	0	0	265	0	523	497	0	0	802	849	0	0	488	366	0	913	0	223	0	142	0	0	773	0	633	818
0	0	545	722	0	616	923	0	0	0	747	75	920	0	700	0	0	573	103	0	0	0	625	655	0	209	0	565	488	453
886	0	0	63	0	0	561	0	0	95	0	0	408	0	844	0	684	0	1	626	505	847	0	0	0	0	0	720	891	0
0	0	581	227	0	0	0	145	0	556	458	93	82	0	0	520	955	501	111	308	0	298	723	0	560	340	834	944	0	0
986	818	0	0	601	0	0	0	610	0	0	324	0	0	297	0	193	0	0	33	0	0	0	0	0	91	0	775	0	897
0	945	39	0	82	0	0	945	0	0	699	0	0	0	0	282	534	831	241	869	0	0	0	603	0	972	429	593	0	0
504	0	0	717	0	0	365	84	0	627	118	498	601	645	0	865	0	248	0	0	0	0	722	0	380	813	0	340	436	0
0	103	801	0	875	0	0	46	0	0	0	931	0	0	616	696	0	27	127	650	193	620	0	589	122	400	0	0	853	0
0	0	0	0	0	993	189	735	0	490	215	0	819	0	959	0	0	557	0	635	103	0	0	0	226	0	662	0	358	0
0	0	515	0	0	0	103	0	400	204	266	367	926	0	0	858	0	0	0	173	714	0	208	0	785	0	0	692	0	0
0	0	542	256	0	0	943	0	681	179	0	0	697	419	921	582	895	520	939	0	0	365	397	857	673	0	0	0	707	12
0	0	0	0	0	46	557	287	138	245	780	0	0	360	624	294	689	367	0	0	913	648	874	0	135	0	0	397	0	424
0	666	0	0	608	196	0	0	0	0	228	0	0	0	727	0	0	581	0	424	0	0	0	718	0	0	790	0	0	0
169	0	0	0	0	0	0	540	0	498	0	574	618	773	0	905	0	506	333	0	0	478	51	828	0	0	0	831	0	0
0	0	0	0	857	742	0	0	411	972	0	0	0	3	0	0	0	772	2	0	691	541	626	100	195	0	0	664	203	894
0	0	0	186	102	0	874	944	406	642	0	22	0	935	463	819	0	118	0	262	136	0	533	0	0	0	0	0	892	158
0	0	0	0	0	210	697	0	0	322	969	375	0	0	0	869	0	866	767	0	718	622	671	506	729	659	0	469	655	445
0	0	550	0	212	0	601	298	9	141	154	0	0	345	0	376	735	0	0	0	0	36	42	276	167	153	0	296	0	404
0	0	0	0	0	748	0	956	0	315	183	0	535	0	0	309	412	0	336	0	0	111	101	0	0	492	0	0	0	0
0	831	0	127	490	0	0	509	436	38	309	0	752	703	915	0	0	0	641	0	384	825	997	654	89	0	0	86	0	0
0	0	0	0	100	403	569	531	0	0	0	0	807	0	0	695	0	0	0	377	225	0	0	795	0	441	196	367	0	65
0	884	873	718	28	0	538	0	770	0	206	0	509	0	0	0	656	43	0	0	0	0	0	0	202	0	0	370	0	0
154	0	0	499	0	577	0	0	0	0	0	533	0	695	939	0	330	853	0	0	650	0	0	0	0	624	953	224	9	348
0	0	764	920	0	0	329	36	0	151	895	0	617	0	159	862	0	596	301	0	723	0	0	0	819	0	528	0	937	0
0	230	0	0	307	0	0	864	0	338	0	164	0	0	0	671	471	991	380	517	391	922	542	0	34	587	92	694	0	0
0	776	0	78	764	436	927	772	211	296	0	922	0	427	845	995	0	0	0	0	0	622	0	239	0	885	817	20	0	906
0	0	0	309	519	583	260	0	67	505	0	0	965	844	310	791	417	393	0	392	63	167	656	957	0	244	0	0	0	0
56	0	0	0	427	0	503	911	884	0	734	83	0	0	0	0	361	421	0	0	477	0	469	0	103	0	796	0	0	0
612	0	0	645	331	107	0	0	664	0	199	0	802	795	796	502	0	902	0	624	0	0	0	647	956	0	666	0	992	698
730	636	303	807	0	0	0	933	396	818	0	0	763	0	980	0	0	124	531	0	0	0	39	0	0	0	380	774	0	466
