0	394	776	911	0	0	265	988	0	0	0	0	0	0	0	0	0	366	597	0	0	0	516	142	288	143	773	0	0	0	0	0	545	722	0	616	0	150	317	101	0	75	0	0	0	338	483	0	103	0	0	323	625	655	0	209	989	0	488	0	0	0	266	0	0	940	0	0	14	0	736	860	408	727	0	803	684	0	0	0	505	0	888	0	0	747	333	0	0	0	195	939	0	0	244	0	0	145	0	0	458	93	82	327	0	0	0	501	111	0	0	298	0	127	0	340	0	944	553	0	986	0	0	560	0	294	455	93
0	817	0	0	589	247	0	0	193	0	0	0	0	672	266	0	0	91	695	775	0	0	153	0	39	0	0	919	716	945	849	0	0	400	857	0	0	0	0	831	0	0	220	916	695	0	0	972	0	0	281	0	504	0	656	0	938	0	0	0	0	0	118	0	0	645	343	865	0	248	0	0	0	119	0	0	380	813	174	340	436	835	0	103	801	0	875	0	224	0	836	0	0	0	958	547	0	0	75	27	0	650	0	620	850	0	122	400	93	379	853	118	0	620	0	199	0	993	0	735	126	490	0	0	819	62	959	695
0	0	0	635	103	0	0	71	226	73	0	308	0	0	0	0	0	478	0	610	103	0	0	0	266	0	926	749	0	0	923	940	0	173	714	688	0	0	0	0	0	0	162	865	165	0	0	256	120	611	0	452	681	0	0	0	0	419	921	0	895	520	0	0	0	365	0	0	0	256	157	0	707	0	0	759	80	0	756	0	0	0	138	245	0	976	0	0	624	294	0	0	604	969	0	648	874	635	0	0	317	397	766	0	0	666	0	1	608	196	715	0	163	245	228	652	458	387	0	0	0	0	895	0	32	0	0	0
581	0	790	0	0	0	169	0	0	265	0	161	457	540	0	0	929	0	618	773	0	905	39	506	0	0	857	478	0	0	0	896	0	831	425	0	561	986	648	0	857	742	133	0	0	0	694	427	0	3	218	14	0	0	2	842	691	541	626	100	195	0	622	664	203	894	0	0	0	186	102	0	0	0	406	642	83	22	281	935	463	819	811	118	882	0	136	669	0	836	666	0	0	117	892	158	0	0	0	43	0	210	0	0	0	322	0	375	960	0	931	869	0	866	0	0	718	0	0	0	0	659	0	0	655	0	381	892
0	182	212	384	0	0	0	0	154	277	341	0	0	0	0	0	0	798	635	36	42	0	167	153	0	0	0	0	0	0	300	117	489	0	245	956	49	315	183	877	535	0	0	0	412	855	336	0	424	111	101	0	0	0	485	0	861	0	999	831	0	127	0	118	716	0	0	38	309	0	0	703	0	159	0	170	0	0	0	0	997	654	89	0	0	0	0	0	226	0	394	8	100	403	569	531	0	459	0	500	807	598	0	695	0	433	85	377	0	0	0	0	170	0	196	367	117	0	0	0	0	718	28	924	0	462	0	693
206	0	509	0	262	0	0	43	970	0	221	638	149	0	202	0	387	370	559	0	0	107	610	0	151	577	415	0	0	0	0	0	507	695	0	0	330	853	510	510	0	686	895	0	555	624	0	0	0	0	722	985	764	920	0	837	0	0	537	0	0	0	0	802	159	0	0	0	0	0	723	0	481	0	819	86	528	0	937	40	0	0	0	0	0	0	777	864	459	0	882	0	0	0	0	671	471	991	380	517	0	0	542	514	34	587	92	694	813	824	530	776	0	0	0	0	0	0	0	296	548	922	0	0	0	0	0	0
810	0	397	0	600	0	0	885	817	0	0	0	0	0	186	0	519	0	260	0	67	0	0	0	965	844	0	0	417	0	829	392	0	167	656	957	0	0	293	0	849	342	56	0	0	0	0	0	0	0	0	0	734	0	689	0	155	829	0	0	36	626	477	0	0	48	0	0	0	155	20	0	0	632	135	645	331	0	0	562	0	0	199	392	802	795	0	502	113	0	0	624	0	478	0	0	0	0	666	0	0	698	730	636	0	807	869	0	0	933	0	0	300	938	763	0	980	697	829	124	531	881	0	193	39	0	0	455
380	774	195	466	365	0	0	77	0	45	0	956	40	0	0	922	27	967	0	682	0	0	896	221	235	95	794	0	905	0	642	0	514	715	0	0	0	0	968	116	149	436	913	0	0	0	86	958	0	0	64	0	0	792	0	0	977	31	0	457	0	702	427	30	0	0	884	985	332	0	0	0	0	0	0	0	708	30	0	0	182	0	0	997	236	0	0	0	0	914	146	212	0	0	674	689	0	0	0	126	765	0	0	377	0	25	955	619	0	879	0	191	464	0	0	352	0	0	264	133	0	989	0	0	0	484	0	0
303	0	899	0	0	651	334	188	607	82	105	0	0	315	160	0	0	150	968	128	823	0	0	520	248	242	772	188	0	0	0	679	47	881	0	0	0	0	0	0	0	0	430	306	0	0	0	948	0	605	0	0	652	0	0	0	455	0	378	0	971	0	0	0	0	8	0	0	745	0	0	0	208	0	0	0	482	0	973	189	815	111	283	0	0	620	0	0	814	719	0	950	408	0	786	0	0	0	253	0	464	0	959	535	0	363	473	0	652	0	494	773	208	301	1	0	715	0	633	473	7	0	305	0	787	644	308	0
0	159	0	723	0	0	0	694	0	0	983	237	556	780	415	0	0	0	123	276	904	0	0	0	0	0	538	911	595	727	0	455	104	0	0	362	290	892	0	688	930	0	609	87	36	72	811	268	0	0	0	121	0	0	0	912	942	780	167	0	0	0	0	289	0	137	587	535	642	215	0	0	420	0	649	0	0	759	0	925	0	285	299	452	0	581	0	0	160	126	713	123	0	410	605	479	0	573	684	306	362	0	484	0	0	223	488	0	711	513	0	504	0	981	61	454	307	146	0	0	0	908	636	220	0	363	0	0
0	10	866	0	0	703	0	0	0	972	759	0	685	0	0	0	0	118	635	0	276	894	0	0	0	0	922	0	0	769	0	294	0	107	0	471	733	338	393	0	338	0	663	0	0	0	151	0	955	725	151	0	0	132	0	0	0	454	0	0	398	437	0	0	398	0	0	0	0	0	0	209	0	0	50	0	397	0	0	648	86	0	191	0	58	760	0	0	0	238	625	304	0	0	0	0	0	0	0	789	0	0	361	421	0	0	647	0	0	0	0	664	977	560	0	0	956	440	594	465	0	0	0	0	0	0	272	0
44	53	0	0	3	0	0	0	0	0	0	0	0	0	0	623	406	571	943	0	0	197	347	622	104	0	0	87	0	0	330	548	466	0	0	261	29	0	0	0	0	82	0	890	537	354	192	857	206	0	0	0	0	0	0	0	880	0	0	493	0	892	0	0	45	0	0	565	74	0	471	0	0	0	48	939	0	422	0	0	450	120	0	0	0	101	846	0	157	423	0	941	218	0	0	0	0	0	0	0	907	0	403	40	0	0	0	0	0	131	860	0	0	0	360	0	0	109	0	0	292	624	554	807	206	728	0	0
0	526	619	0	0	649	0	279	237	0	0	0	802	0	0	176	0	424	0	223	291	0	0	675	6	759	0	0	0	879	50	124	0	0	0	121	0	0	578	367	0	0	733	720	0	676	0	226	0	0	0	245	0	0	0	0	0	239	382	643	491	293	596	0	140	829	0	566	0	0	0	599	650	0	0	132	0	0	0	999	0	0	78	0	783	0	800	937	0	0	0	0	712	0	218	0	0	0	835	239	778	0	361	0	0	0	0	510	0	0	0	630	853	0	539	610	0	500	466	0	12	0	0	568	0	166	0	0
506	828	0	755	0	0	321	0	0	80	265	140	618	0	0	195	0	324	804	298	0	0	0	213	39	0	743	0	984	0	351	883	0	0	743	675	0	231	0	352	0	166	0	17	0	0	552	0	0	645	0	0	22	502	0	62	25	0	46	12	231	968	669	334	68	0	63	0	0	679	432	0	913	0	221	0	0	145	366	319	181	664	336	745	0	0	0	391	0	419	0	270	546	0	0	0	0	721	0	777	42	578	943	125	418	976	0	175	0	0	0	0	889	677	526	860	0	0	0	81	0	0	860	848	840	0	252	968
22	0	0	917	172	760	0	0	700	0	0	735	0	0	949	885	612	0	0	0	468	0	153	629	616	41	0	0	825	755	750	0	27	0	0	910	0	508	91	366	0	0	0	469	0	0	0	166	0	771	414	345	0	822	504	0	0	15	0	0	0	0	563	480	1000	0	0	0	0	565	0	0	703	0	0	404	0	122	413	354	507	52	21	0	0	0	0	0	0	595	0	0	951	296	702	780	212	0	541	0	348	395	0	995	0	213	0	0	337	824	0	0	0	248	0	690	737	545	697	0	361	0	0	888	921	0	338	0
765	0	9	0	835	52	0	0	975	352	371	298	640	0	0	506	0	0	0	0	174	0	807	144	0	0	0	0	0	0	0	0	0	0	931	969	680	838	0	797	0	0	626	0	0	0	0	0	285	972	850	0	0	0	0	0	654	161	0	0	964	516	647	815	556	619	393	0	445	272	318	0	0	0	797	839	0	0	968	264	0	539	0	325	350	0	722	801	442	0	0	0	6	0	523	0	803	676	0	945	0	576	393	369	475	972	37	0	0	421	0	0	0	823	778	233	0	0	370	541	0	0	0	199	646	362	0	716
0	19	0	0	0	0	0	0	0	189	0	776	0	430	79	0	0	0	761	0	0	0	521	916	0	829	721	102	0	0	0	0	0	66	950	436	0	404	962	0	258	0	902	0	792	364	0	335	0	0	30	0	11	780	256	207	780	407	0	0	0	0	640	0	398	713	0	0	39	0	0	363	849	582	0	577	0	285	335	0	24	0	0	0	0	0	0	83	579	885	355	0	4	71	0	734	0	687	0	0	0	0	0	861	865	0	967	25	0	402	926	128	783	0	0	416	686	145	0	151	0	0	313	0	0	166	0	0
0	0	492	0	0	733	0	740	47	0	843	0	44	843	568	707	762	714	646	396	0	184	0	0	0	832	0	0	0	178	0	0	0	0	267	335	717	0	0	0	265	0	957	0	0	158	0	921	0	0	0	39	647	599	0	656	0	34	0	0	323	837	0	0	0	0	810	0	625	244	831	0	0	0	0	0	934	670	0	0	0	0	0	556	0	0	530	351	0	832	0	81	106	0	622	360	583	462	343	0	0	0	370	861	882	0	121	139	324	0	0	186	0	128	0	345	0	622	0	0	423	0	0	715	0	0	398	0
0	0	0	0	0	0	0	940	0	0	79	418	0	0	0	618	923	0	0	261	0	0	576	0	823	464	422	0	31	464	821	270	195	0	396	65	0	98	0	0	359	0	181	413	630	0	669	918	0	330	467	809	567	0	892	711	0	487	0	878	0	0	882	411	809	0	0	0	0	0	0	528	98	856	846	82	0	367	0	0	482	991	33	157	0	528	640	0	0	982	37	0	385	0	0	0	0	0	0	0	178	798	0	162	0	0	0	0	899	0	0	336	968	24	494	981	0	640	0	407	45	231	0	0	288	0	174	0
0	0	0	0	0	0	474	0	0	578	0	395	578	789	13	0	952	597	0	703	399	0	820	0	0	19	25	843	331	0	3	0	48	0	947	0	0	0	0	0	0	689	805	0	806	27	428	0	0	0	0	0	728	253	0	0	372	0	221	546	409	0	132	0	579	674	359	989	98	441	0	446	0	0	390	0	938	404	245	0	492	406	942	0	0	0	0	0	0	0	380	0	0	0	0	0	0	897	0	0	41	0	329	0	0	0	987	641	109	0	0	0	49	0	0	0	0	786	431	0	0	999	402	443	946	0	730	471
618	0	0	173	0	485	0	162	0	940	885	0	0	515	0	955	377	0	146	0	0	784	0	645	0	0	0	0	0	0	0	0	0	597	332	0	389	0	42	298	0	441	35	0	0	275	0	745	0	0	137	135	112	0	365	169	0	0	0	407	0	77	657	0	0	697	0	0	0	557	743	0	141	173	0	0	168	233	0	537	138	838	0	0	921	903	638	753	0	0	812	0	700	0	821	0	0	0	0	418	0	0	268	920	162	0	643	513	991	339	545	711	0	934	385	0	761	568	312	240	0	0	0	0	399	971	482	523
0	987	419	416	832	100	0	0	0	0	0	597	609	0	721	0	0	529	109	713	0	0	714	209	0	659	0	525	113	0	705	0	0	172	384	87	812	36	10	118	913	0	0	0	0	0	0	692	0	377	0	0	259	0	0	0	794	234	944	162	575	0	0	0	79	0	0	0	942	907	0	0	847	0	0	0	899	529	418	622	676	213	0	0	0	0	0	21	0	137	0	0	0	906	0	0	0	0	0	0	821	0	659	602	414	0	238	0	894	466	0	491	0	104	275	0	0	502	564	0	403	484	0	185	0	0	373	163
0	872	0	851	938	147	0	0	985	0	0	402	579	975	0	569	0	0	0	235	834	113	0	144	0	0	96	141	0	0	58	842	0	0	0	572	0	0	33	0	414	0	0	0	616	502	731	706	109	953	484	0	355	0	798	0	0	99	0	0	0	232	509	858	318	281	230	0	507	363	969	0	0	948	0	0	0	312	0	0	231	0	0	986	390	881	0	148	0	0	958	204	760	0	0	0	0	800	0	0	0	627	132	851	797	0	410	0	0	889	482	0	671	726	0	0	0	367	442	284	367	0	410	785	784	0	0	887
0	491	0	0	123	456	0	0	955	0	761	191	0	978	0	511	234	112	0	0	0	0	475	0	472	958	1000	579	848	0	225	0	408	514	0	0	238	322	530	700	0	94	0	0	403	0	972	0	840	990	441	49	0	789	0	416	0	0	0	742	0	0	0	185	816	715	0	0	239	975	0	0	391	0	4	132	0	0	0	620	0	934	0	0	0	0	0	868	0	0	918	0	866	425	0	549	181	0	0	232	950	425	391	486	0	0	446	0	0	0	783	0	630	977	275	0	596	0	0	376	846	0	693	464	0	0	610	0
94	257	967	0	0	105	0	0	0	0	0	790	674	139	0	0	586	999	0	327	206	0	0	512	0	0	108	709	0	486	127	521	914	458	481	0	0	0	347	0	0	260	0	0	578	0	343	0	0	883	239	464	0	359	0	793	957	0	0	457	740	909	6	565	0	981	0	0	456	0	439	0	259	488	486	0	233	0	0	368	668	0	613	954	951	0	992	851	0	0	0	192	0	955	530	646	689	0	968	0	158	351	37	0	0	636	0	0	784	0	479	399	694	192	0	0	196	0	0	48	0	970	0	790	0	0	0	778
698	0	533	192	0	0	187	531	0	555	729	871	0	0	444	0	0	0	632	505	0	679	0	0	0	612	0	33	248	0	926	0	0	0	0	748	0	0	44	63	137	248	453	0	0	0	0	676	0	111	0	988	0	0	0	946	661	0	0	0	699	346	0	0	0	0	381	570	0	365	0	0	0	449	0	0	0	0	68	0	0	0	0	0	159	0	958	0	973	475	0	553	215	0	0	0	47	21	415	0	0	874	0	0	0	894	809	421	0	0	0	4	983	0	0	543	658	928	0	0	389	556	550	67	80	0	993	0
0	0	0	0	429	631	0	368	319	0	0	0	785	827	0	628	991	0	28	602	0	981	0	0	0	0	264	0	607	457	0	899	0	0	0	393	763	518	949	347	233	0	0	0	0	0	0	158	323	641	0	577	0	64	0	0	0	445	327	0	746	0	0	0	444	621	0	958	0	136	0	145	906	0	121	0	0	0	32	644	0	270	393	118	0	0	0	630	822	652	194	0	844	0	0	61	346	527	0	0	0	929	0	839	22	652	883	264	339	140	352	0	0	574	0	0	0	0	0	257	584	106	0	76	0	0	0	496
35	532	0	800	0	355	0	571	856	724	222	181	0	679	984	0	408	206	0	0	0	449	0	0	0	738	0	0	356	0	560	872	205	221	0	848	321	0	0	0	0	0	788	0	85	676	838	335	315	893	723	0	972	0	35	86	626	0	0	822	117	0	0	281	206	0	567	0	0	459	91	0	0	544	0	418	0	0	607	0	0	0	303	0	643	0	0	715	293	32	0	855	8	0	865	0	0	0	0	677	0	324	0	669	294	0	802	725	254	869	909	0	529	143	0	0	57	804	397	0	0	0	0	259	0	0	932	827
545	0	910	459	725	0	0	0	0	533	0	0	723	0	488	392	0	0	0	0	0	844	187	0	0	983	0	15	914	0	370	0	0	0	0	0	511	288	274	0	441	482	0	959	0	0	0	0	908	0	0	0	207	0	154	0	0	0	807	148	0	564	256	0	0	0	238	884	0	739	427	0	904	0	0	160	249	0	0	0	902	853	0	697	0	0	0	0	0	306	0	0	876	0	725	759	0	739	0	808	926	0	204	0	421	0	390	0	0	0	394	546	0	505	105	129	876	88	545	0	920	0	915	83	0	984	0	0
0	0	461	0	282	0	996	0	0	0	264	0	78	0	780	161	600	248	0	0	878	46	779	874	0	0	828	0	0	0	0	461	0	796	918	779	677	137	614	641	901	521	0	13	0	0	359	682	366	0	0	0	0	0	0	704	259	0	23	490	826	751	0	853	875	0	623	406	347	484	308	450	142	0	0	0	960	0	717	0	339	0	0	653	0	389	0	592	410	712	916	0	305	0	0	775	578	0	240	0	0	221	0	526	0	0	143	0	611	0	0	921	0	796	933	518	856	846	0	487	0	349	265	443	0	467	0	666
0	53	808	0	0	0	0	469	707	0	18	0	611	0	0	0	812	965	1	845	0	0	0	0	189	632	0	928	988	0	0	0	0	0	9	0	0	16	0	622	938	0	171	0	891	317	985	0	0	402	0	511	0	371	0	0	89	0	0	0	118	716	0	0	0	14	0	544	279	361	0	0	891	0	393	201	0	188	0	183	0	673	154	0	0	0	0	0	642	0	932	0	0	927	0	0	0	918	0	32	0	663	663	0	0	514	87	0	317	0	0	938	641	0	846	0	0	731	0	347	0	141	0	0	0	280	497	1000
0	623	934	0	276	917	661	79	0	0	0	163	0	110	0	0	572	731	414	0	458	431	687	162	0	945	0	0	129	702	0	0	960	0	806	115	598	791	0	858	190	764	986	0	301	0	746	102	0	0	0	0	282	0	0	650	0	521	0	0	821	76	8	41	0	0	997	794	0	141	0	125	417	0	0	0	0	0	320	0	0	143	87	0	401	659	0	0	0	49	0	422	936	0	924	28	0	0	0	0	0	0	748	720	0	0	414	913	978	853	0	0	0	856	0	0	555	148	0	0	0	0	0	0	602	0	172	850
91	0	480	294	0	0	216	0	0	0	0	651	882	0	536	0	0	0	0	10	0	291	0	0	144	0	779	0	137	0	0	0	0	0	758	0	331	857	148	338	592	769	0	88	0	0	259	461	339	698	496	481	548	0	86	82	0	0	0	795	412	0	0	564	436	0	0	0	0	147	0	0	0	0	523	0	0	900	72	0	159	35	393	660	578	0	0	69	536	0	0	0	0	960	681	0	744	488	411	605	834	326	761	685	926	0	477	524	0	237	0	0	0	0	0	800	0	0	0	811	524	7	0	0	0	486	113	0
445	784	633	249	558	0	531	0	0	0	41	0	0	0	0	374	184	349	0	0	494	0	0	903	0	429	1	830	0	788	241	0	0	488	760	0	0	0	0	0	867	845	803	0	164	944	0	779	0	491	538	0	0	168	0	0	0	294	0	899	594	495	218	0	0	0	0	638	614	845	999	0	0	0	452	322	0	0	440	0	0	0	885	643	0	0	439	400	0	0	390	0	0	0	261	0	247	0	0	886	950	906	0	0	0	243	0	0	0	0	0	0	0	147	0	0	262	563	177	0	721	0	610	0	915	944	0	491
209	708	185	614	0	0	0	0	0	0	553	508	0	215	300	0	279	524	0	362	0	0	322	0	0	44	0	0	201	0	0	0	0	570	0	0	0	0	0	0	498	429	0	321	868	689	760	0	716	894	713	0	0	884	936	0	913	60	0	163	781	0	629	737	572	448	316	0	0	424	873	938	493	0	0	0	692	91	0	0	0	0	643	93	518	17	875	0	596	525	338	978	750	0	610	0	0	0	240	0	42	807	97	843	0	747	319	93	0	602	0	0	726	131	0	0	589	0	949	944	625	0	0	0	0	0	0	0
162	930	188	604	974	231	140	133	896	233	0	0	807	0	148	0	630	277	0	80	0	919	863	0	416	0	975	0	0	891	602	0	359	0	0	491	0	129	773	834	0	0	0	919	737	0	0	872	0	887	0	0	0	0	0	0	0	0	0	212	0	0	691	3	0	130	0	496	551	0	0	326	972	0	685	0	467	0	680	0	453	236	0	0	0	0	281	0	0	193	0	358	501	278	361	0	0	992	289	223	0	565	0	67	0	384	0	977	604	930	667	97	0	872	141	732	0	0	0	471	147	0	0	917	0	549	199	779
810	0	756	0	0	451	0	334	0	524	52	352	0	0	399	753	0	0	562	0	790	726	0	0	582	155	0	0	0	631	454	528	0	0	0	215	479	0	0	0	99	0	0	0	0	0	0	0	669	171	33	0	238	246	0	612	0	416	71	908	0	561	0	538	203	0	0	0	196	946	879	0	0	133	618	0	563	590	0	0	635	441	615	0	0	656	934	0	688	819	482	655	645	0	0	29	359	0	0	0	210	718	0	0	998	0	0	0	530	698	0	0	7	0	242	464	483	0	0	282	0	0	296	0	336	755	737	0
680	918	0	304	0	0	0	0	0	846	508	379	0	636	0	90	235	0	0	419	943	0	0	877	18	0	0	0	0	0	0	379	0	0	0	118	520	0	327	699	0	77	368	0	0	861	196	205	302	533	0	0	666	0	755	387	404	0	0	451	78	294	0	677	158	0	0	0	616	0	358	159	0	0	897	586	0	271	0	216	119	964	0	142	452	938	869	549	433	0	0	0	39	306	768	0	586	87	698	375	0	0	100	103	0	0	532	43	30	881	0	699	0	603	88	476	841	0	754	0	263	719	0	0	0	166	243	640
0	0	0	595	970	745	0	530	163	0	508	0	0	643	0	0	231	146	0	0	0	0	0	147	884	0	0	0	0	781	830	0	606	0	0	0	108	0	0	276	637	0	0	798	0	0	429	0	0	0	144	847	462	60	355	340	0	0	0	0	927	0	0	668	0	0	794	0	606	0	147	253	893	0	218	0	0	0	895	0	0	256	430	0	531	0	0	727	339	732	583	0	546	397	946	0	0	0	0	664	650	0	0	0	0	0	924	0	313	0	0	148	460	0	395	989	0	458	0	646	0	0	292	0	0	0	434	0
0	0	582	0	0	0	164	0	0	273	0	0	0	724	0	0	496	901	0	0	527	413	135	623	0	0	0	0	0	0	0	212	347	0	725	723	0	0	0	673	31	0	317	330	0	0	942	0	0	0	798	0	0	985	0	0	0	0	0	738	934	0	452	0	0	0	0	0	869	0	419	0	598	108	89	0	0	0	134	0	0	0	0	537	879	0	0	0	491	0	402	652	738	98	0	58	0	861	0	615	0	0	0	0	0	0	684	694	345	0	992	0	1	0	347	771	0	463	0	0	248	0	902	0	585	0	267	558
0	960	0	0	0	105	0	0	337	0	0	319	0	117	0	796	308	0	0	104	0	631	0	0	62	251	943	0	113	700	168	0	0	0	0	0	925	849	710	0	450	0	0	584	27	574	0	0	983	125	0	0	84	0	786	390	0	262	740	393	0	474	0	608	516	0	0	376	191	435	655	0	0	0	431	993	969	0	239	290	355	525	321	484	643	873	0	0	0	0	0	735	925	0	0	0	0	0	0	900	0	0	0	331	0	0	381	485	0	0	0	719	293	691	253	0	0	470	0	529	838	0	186	202	0	0	974	716
0	339	564	136	0	503	423	913	0	0	0	0	451	0	0	202	0	0	0	502	134	0	89	736	531	710	0	0	567	0	0	285	212	80	0	0	0	0	0	0	0	756	936	0	202	0	0	851	0	887	0	788	0	0	459	0	0	0	0	0	0	88	0	388	658	0	390	0	0	0	0	655	789	237	289	496	995	410	567	0	642	0	650	295	689	496	0	408	0	0	0	0	0	404	0	0	0	0	0	854	993	600	739	615	309	0	0	378	0	428	0	935	599	0	790	174	354	38	0	449	981	451	317	0	698	0	0	0
385	24	0	346	159	187	841	0	509	0	0	0	101	0	0	0	32	234	0	183	10	669	532	0	0	0	0	691	441	0	0	406	0	318	980	544	38	0	0	161	917	0	109	676	0	0	0	750	289	751	0	0	0	0	33	0	0	273	339	0	0	0	0	0	0	728	0	0	225	0	955	465	0	0	561	949	0	0	897	69	0	41	0	813	947	93	0	0	0	0	59	1	33	0	44	159	0	608	888	173	481	0	83	0	142	20	970	760	574	0	0	104	0	726	66	0	0	0	118	206	0	0	0	498	443	82	0	484
0	0	0	513	744	0	0	0	0	141	0	381	747	0	432	523	133	0	641	518	0	0	0	0	0	0	0	746	0	0	0	0	0	936	331	575	715	585	559	0	930	314	247	579	0	93	0	619	0	870	0	989	0	752	290	0	0	0	0	21	8	1	0	263	758	0	709	214	0	0	140	190	118	0	0	0	0	682	128	0	0	267	836	142	893	0	176	0	672	359	0	764	0	204	0	97	513	0	506	148	647	0	328	194	650	0	632	0	0	0	361	818	0	787	0	0	281	0	0	0	570	365	0	0	339	237	0	0
0	775	0	0	276	797	818	0	941	268	0	762	0	740	81	0	0	0	0	0	0	273	232	671	999	0	838	0	797	0	183	0	378	0	973	842	0	0	116	175	0	204	892	0	0	607	75	0	0	0	0	0	43	0	0	30	818	0	162	0	176	0	0	239	597	0	0	202	936	0	0	0	0	771	0	0	194	464	0	559	674	0	607	0	984	0	0	841	0	0	0	0	810	0	0	0	0	491	0	922	233	0	697	0	882	651	0	922	0	742	910	646	0	942	394	782	614	15	682	889	953	0	629	766	506	0	775	401
0	0	0	439	390	0	847	0	754	737	658	766	219	0	64	0	955	162	0	0	2	0	0	0	0	0	0	256	180	407	262	534	924	660	431	0	551	0	0	502	475	122	256	619	0	0	0	739	0	384	622	0	23	511	0	0	526	0	514	0	432	278	748	671	0	416	0	0	988	0	0	568	0	0	0	284	729	0	0	30	0	695	829	399	0	0	0	562	0	536	455	0	0	0	720	921	0	592	189	0	601	0	25	621	0	215	0	440	0	224	0	0	807	0	464	643	0	0	0	0	866	0	0	0	158	0	801	0
865	258	0	349	0	537	0	819	0	0	0	369	0	0	0	403	0	547	665	0	609	98	314	915	0	0	143	0	0	956	0	0	0	27	0	0	79	0	0	0	142	643	0	576	138	576	264	0	309	0	942	133	902	0	0	379	0	337	0	0	0	639	0	112	0	0	0	594	0	184	789	7	0	772	0	414	414	648	219	93	0	0	0	0	0	442	0	0	908	0	0	0	0	210	780	0	0	789	196	274	73	0	140	476	329	371	298	0	829	460	0	251	0	472	0	0	721	0	822	0	509	158	99	549	0	619	0	746
0	0	0	676	323	167	0	0	364	0	0	119	115	387	0	0	0	0	341	876	780	0	1	193	0	0	0	654	191	173	0	571	162	0	981	246	0	0	536	916	265	0	0	0	52	387	0	91	0	474	496	0	144	723	144	59	0	0	0	0	0	0	0	622	0	96	0	0	0	594	102	0	0	765	0	0	0	845	412	0	0	543	0	0	273	782	0	641	178	0	827	413	267	914	0	0	938	165	0	741	0	216	0	0	836	923	784	366	0	0	466	889	922	0	0	0	339	528	434	0	0	0	0	0	0	143	357	179
511	231	0	0	0	0	937	0	0	0	0	369	769	0	0	330	0	204	242	631	560	0	0	0	881	0	0	0	0	0	492	0	516	0	899	276	792	0	0	637	700	636	0	184	278	0	0	0	0	853	0	0	450	0	0	0	466	0	541	574	0	0	559	0	674	384	0	429	0	0	815	0	232	0	0	0	532	739	755	0	0	998	0	0	825	0	1	0	0	870	19	872	141	783	892	112	56	328	929	319	683	0	0	0	691	49	0	235	0	0	0	0	368	0	0	665	0	0	634	694	376	917	0	0	0	0	40	0
0	228	0	0	907	0	0	11	0	0	0	205	64	0	651	132	953	933	0	0	0	0	287	0	0	795	907	0	350	536	423	0	0	828	0	0	0	311	454	810	0	0	410	0	0	0	413	0	773	287	950	713	14	219	860	0	730	0	0	305	412	0	757	757	0	876	950	0	698	0	0	990	0	488	194	0	0	639	963	0	0	79	0	954	277	514	0	518	0	0	0	189	0	0	124	0	959	0	0	0	0	119	863	961	55	528	39	0	0	0	808	0	740	96	0	962	0	140	150	0	0	661	367	374	102	0	385	0
128	0	0	912	534	208	621	229	781	0	0	454	0	0	97	143	0	0	0	767	925	0	0	734	0	182	946	0	272	0	0	692	0	0	0	0	0	559	0	772	92	0	11	63	0	0	445	0	254	0	338	948	0	603	126	0	0	0	0	505	0	250	392	0	0	0	0	339	0	0	0	282	0	0	0	810	831	635	0	163	0	144	752	571	0	0	0	0	465	0	890	0	69	810	398	838	0	278	0	0	29	414	0	24	0	926	0	830	113	0	826	0	307	0	304	0	159	0	819	455	0	0	0	929	0	0	826	0
305	871	0	974	0	826	831	160	80	0	0	0	0	884	0	0	0	0	547	0	0	0	0	0	841	982	0	135	708	955	575	368	605	0	0	0	95	248	0	0	489	0	734	993	865	670	0	196	28	812	0	385	0	0	363	604	258	453	0	531	767	993	0	39	319	894	0	0	933	0	228	0	775	754	762	485	15	0	0	610	747	405	730	0	875	0	0	219	977	0	576	0	300	0	0	181	743	0	287	0	828	993	969	0	360	0	0	0	309	831	261	0	0	847	171	885	0	0	683	0	928	843	0	0	190	0	0	421
0	0	0	0	255	548	0	0	331	0	0	571	0	0	813	100	0	0	0	917	0	784	0	602	622	49	0	0	0	794	266	0	0	0	505	0	17	0	0	608	0	175	504	0	0	0	0	297	588	0	0	89	153	0	866	0	0	809	0	904	635	342	0	317	915	0	0	231	594	0	0	587	422	362	72	336	0	286	0	0	354	0	0	307	577	0	360	39	740	14	857	0	611	930	837	410	0	0	239	840	0	0	0	300	0	0	0	0	586	465	0	69	0	0	14	684	0	816	0	130	0	0	0	0	751	225	0	561
110	0	886	0	0	415	835	289	0	0	0	0	0	0	0	0	531	0	0	526	0	0	0	0	693	33	425	0	0	997	645	0	857	0	0	346	0	745	188	581	201	0	36	0	122	300	775	0	337	750	312	813	147	0	0	737	0	0	56	0	0	0	826	113	774	0	0	811	0	0	0	166	0	389	0	0	419	0	396	0	573	0	0	0	0	705	0	0	0	47	0	631	0	233	221	0	409	0	0	0	746	80	553	0	156	0	169	0	0	326	0	0	0	0	0	540	0	808	0	559	0	262	0	0	807	375	0	45
527	221	0	455	683	0	0	798	426	0	0	792	61	769	255	603	272	197	345	682	0	711	0	274	0	380	851	300	0	0	0	110	0	0	0	938	0	238	0	850	204	192	0	387	0	547	0	0	0	0	984	0	0	0	0	0	0	685	44	547	444	701	112	0	0	0	0	523	307	754	0	920	991	0	0	0	0	0	0	361	183	0	816	0	0	749	0	0	0	777	301	178	497	0	0	0	962	0	0	944	0	594	0	0	0	489	0	197	366	0	275	953	335	950	0	105	0	143	0	836	642	359	518	132	64	956	0	0
0	0	0	0	0	0	0	495	144	0	0	420	0	0	0	0	0	0	69	0	0	0	403	0	0	640	0	435	964	641	0	0	985	0	0	0	0	579	0	0	759	422	0	376	0	0	794	251	166	669	0	0	0	0	548	0	148	303	366	497	0	0	0	0	152	0	0	0	901	0	0	349	185	0	0	888	0	342	153	105	0	0	620	0	253	0	0	762	913	575	993	0	0	0	0	0	535	0	714	944	0	505	293	343	0	631	92	213	0	0	0	0	0	0	0	0	225	602	0	348	0	0	801	762	717	923	0	822
0	460	0	130	39	687	99	0	956	725	287	781	342	260	0	0	0	0	329	0	248	0	0	748	370	0	367	0	0	735	0	206	17	403	988	643	0	0	315	410	812	0	0	0	0	905	0	321	24	444	0	94	855	128	0	672	935	0	298	0	0	771	0	370	248	578	84	0	0	0	443	0	0	0	0	643	293	21	66	0	0	0	964	0	218	164	0	934	463	0	0	886	0	0	0	0	0	50	94	378	0	0	0	0	0	0	0	0	0	579	809	0	0	0	549	0	0	0	715	0	948	0	517	0	863	794	51	249
0	758	218	986	0	100	143	0	0	614	573	93	604	857	0	0	629	0	0	0	0	0	0	0	631	0	651	536	640	0	0	326	720	0	215	0	0	306	567	300	688	411	0	0	0	0	469	0	580	253	947	0	0	0	0	314	0	0	840	0	0	721	997	261	0	712	526	273	0	0	0	0	0	835	0	330	0	0	733	446	886	349	760	0	0	0	861	0	0	0	0	0	0	570	201	0	689	683	5	959	952	0	0	317	0	473	112	529	681	0	20	0	0	0	280	0	931	0	308	0	943	0	205	0	762	411	0	0
0	0	0	0	0	0	0	590	0	617	963	615	0	0	109	0	0	0	157	0	0	268	0	357	285	0	938	0	970	0	784	0	726	0	564	0	465	0	0	0	0	85	0	703	0	566	53	794	0	368	0	0	340	368	0	0	0	0	178	994	291	904	487	45	553	516	310	326	0	276	776	635	0	0	0	0	357	849	0	0	459	0	637	0	367	920	630	301	0	270	0	1	456	161	249	0	0	238	0	0	0	48	0	455	0	0	662	885	613	0	0	0	0	0	0	470	990	0	217	713	180	476	105	712	786	0	0	575
57	0	0	140	59	10	0	0	0	676	793	846	0	291	0	0	0	493	0	0	271	0	0	48	757	532	243	452	0	724	18	0	837	391	0	43	0	0	0	207	0	0	0	0	0	0	839	0	551	0	320	153	817	732	0	585	0	0	0	443	184	457	268	0	0	0	0	691	302	869	0	0	349	0	280	0	400	0	60	0	904	0	696	0	0	139	0	612	338	0	577	0	0	0	0	0	0	166	0	0	158	0	0	154	560	191	0	398	0	378	295	0	0	577	0	16	242	0	941	10	376	0	788	0	350	0	588	0
0	0	0	66	0	0	0	969	0	588	258	0	153	217	856	536	0	0	0	961	842	517	0	946	114	0	595	0	0	0	0	98	0	0	0	261	479	0	457	189	0	0	369	0	0	0	0	0	0	0	0	0	0	82	383	815	0	0	0	0	360	0	152	423	990	0	204	161	0	470	0	437	0	0	0	720	0	783	1	0	0	0	0	0	0	940	581	0	0	0	0	0	0	639	706	204	0	0	0	727	628	0	0	629	0	0	861	966	0	0	0	0	951	414	62	0	180	0	883	850	328	124	0	0	460	0	0	888
0	233	0	128	0	0	976	926	468	807	0	321	491	885	356	0	773	0	319	0	0	29	0	712	140	277	0	382	15	883	293	0	0	0	0	232	932	6	0	0	0	623	0	136	0	259	739	0	650	591	821	0	0	789	0	0	0	578	0	677	889	975	0	756	0	0	914	0	0	689	0	627	735	818	0	0	762	0	405	673	0	0	0	0	0	0	297	0	510	266	406	0	612	0	814	862	0	0	953	969	0	709	0	508	0	0	0	38	0	929	851	0	419	207	0	299	0	884	435	0	0	276	0	0	772	0	0	133
167	0	214	0	0	607	818	163	61	107	129	0	0	588	0	290	190	62	285	586	967	0	380	110	0	266	0	730	610	574	537	640	0	0	0	0	568	960	570	828	0	0	349	746	0	0	0	0	325	0	685	0	0	0	0	0	431	972	0	0	0	893	256	891	0	0	0	0	741	825	153	0	9	0	395	0	0	830	0	381	829	342	0	0	0	941	0	863	827	0	408	552	966	934	730	0	0	632	0	0	216	0	657	568	0	147	0	0	921	0	0	33	652	0	212	0	421	583	0	0	118	0	212	346	92	0	0	0
0	0	140	279	0	946	0	0	0	175	220	934	0	393	445	203	0	0	11	983	0	0	428	0	806	220	0	0	0	831	771	0	371	871	902	649	884	340	257	521	0	510	0	217	579	52	0	927	676	0	271	0	656	0	800	0	0	0	338	0	0	289	990	100	0	895	806	0	807	0	0	0	400	491	0	928	0	0	133	243	141	0	0	583	55	478	0	560	565	240	434	889	0	0	638	0	99	340	178	733	302	104	0	461	206	0	664	487	0	0	490	0	824	463	0	163	0	0	852	583	0	0	440	0	399	171	134	742
610	0	501	0	817	240	0	0	353	698	879	0	0	0	0	0	0	0	0	0	0	0	0	593	322	0	368	0	35	0	949	748	0	25	585	0	640	561	809	22	0	49	54	416	978	638	0	463	339	659	26	0	569	0	0	0	0	0	754	0	0	347	0	0	357	669	0	690	0	0	0	0	0	0	892	14	897	0	0	645	100	854	586	772	0	35	0	606	594	0	0	286	103	0	185	0	883	159	0	0	0	494	940	0	0	0	409	0	52	534	542	499	0	76	0	0	0	0	707	956	0	469	0	0	0	894	0	0
0	444	893	688	502	0	262	623	0	196	0	37	0	0	0	399	158	0	0	759	586	0	0	0	0	314	0	596	0	682	467	610	760	822	0	340	791	655	0	545	236	862	0	0	0	0	0	243	348	946	845	986	740	0	0	0	523	444	278	0	0	389	330	761	327	861	850	212	0	0	0	0	0	0	248	0	0	0	167	323	0	428	812	475	0	868	0	281	535	960	373	0	0	0	599	0	0	0	0	99	170	654	123	827	536	830	0	0	0	399	0	203	25	0	166	805	61	0	435	341	0	0	0	0	0	0	0	946
484	677	975	586	0	0	0	88	0	0	0	631	572	242	0	0	0	742	340	0	0	0	298	956	0	0	498	0	653	76	275	0	635	198	0	0	13	916	734	28	452	0	0	0	538	20	390	477	0	0	0	0	0	171	39	0	0	880	0	0	409	0	0	0	0	26	0	694	0	0	0	521	237	265	386	0	0	880	0	0	500	169	854	221	646	0	0	0	0	0	0	222	643	0	729	0	0	868	572	0	0	0	0	0	0	0	60	0	980	690	0	0	0	0	0	0	0	615	599	0	0	0	0	0	795	0	0	0
256	445	0	0	38	0	0	0	872	164	440	0	730	931	0	0	789	887	0	0	0	0	0	544	0	0	0	235	24	0	787	0	684	773	0	0	0	465	831	0	742	626	288	285	0	0	0	0	68	658	0	549	0	843	750	0	0	0	346	0	0	551	0	0	0	0	0	260	0	0	757	11	0	823	0	0	0	0	0	430	0	954	0	0	845	727	0	470	0	75	765	0	0	466	856	642	150	391	0	189	0	888	0	0	34	352	435	0	0	144	0	0	0	580	454	559	941	321	0	819	609	0	573	0	0	0	674	958
0	0	0	455	0	0	0	519	0	139	0	552	0	0	0	0	290	569	0	0	0	0	375	711	748	0	0	134	0	0	0	0	0	211	458	301	3	43	0	0	563	0	0	10	0	170	0	105	0	429	0	0	783	0	787	0	0	0	578	0	741	0	335	0	0	0	995	0	895	0	0	285	337	199	0	732	774	0	0	600	581	37	800	0	803	252	0	287	0	889	188	462	0	0	80	237	0	406	0	645	768	0	0	629	295	0	827	912	0	0	45	580	208	305	497	391	115	627	0	0	705	357	0	681	0	372	229	0
0	45	0	0	366	0	0	0	195	317	296	758	101	0	3	0	0	0	0	0	0	205	0	0	500	841	0	693	0	415	531	0	964	164	0	0	537	0	75	880	0	641	899	0	0	976	750	183	82	0	0	987	627	348	466	0	0	0	501	0	814	0	0	161	256	0	551	0	864	0	446	0	0	0	0	671	993	0	0	483	0	0	0	700	567	0	958	0	0	71	667	0	0	0	943	428	474	0	0	661	0	0	706	493	909	369	65	0	663	0	0	0	138	0	0	292	671	0	0	0	4	0	0	598	0	785	0	707
917	550	0	0	825	568	494	0	0	5	0	657	0	922	0	360	0	447	48	718	933	33	0	254	433	788	991	0	0	47	0	0	0	611	214	0	273	963	18	177	485	0	48	68	0	0	0	149	0	0	162	0	833	222	244	0	224	0	0	673	0	62	820	459	0	0	0	0	0	0	895	674	0	0	918	0	0	233	977	884	0	0	788	0	803	9	0	0	0	0	0	0	153	0	0	0	0	0	534	867	0	0	0	0	0	627	898	0	635	0	216	574	527	0	306	536	0	0	189	362	68	0	292	0	0	433	0	0
0	156	113	0	980	0	123	839	988	941	190	834	0	0	963	572	0	579	0	0	675	764	586	0	0	960	322	0	770	17	56	959	0	0	0	813	847	0	0	0	0	0	965	0	994	716	0	291	0	477	59	0	780	0	0	239	0	0	0	0	0	0	0	747	697	0	0	914	138	0	120	0	370	0	0	0	939	0	55	0	418	298	964	818	371	286	0	918	0	141	501	0	225	209	77	0	355	0	677	0	0	180	0	0	0	0	0	0	0	0	722	0	0	0	0	0	641	365	0	472	0	578	206	985	478	517	0	935
0	990	968	0	0	0	0	0	0	0	0	0	984	713	850	0	633	921	0	0	25	0	0	434	0	907	0	746	109	323	0	432	0	244	135	871	909	0	957	384	976	397	724	572	0	288	0	0	0	685	193	0	212	0	819	385	858	0	0	0	49	0	0	0	0	0	0	64	0	0	0	0	0	0	0	47	0	156	168	366	472	425	347	307	956	0	0	0	0	437	756	175	462	0	0	0	475	0	0	553	0	360	0	0	0	953	0	0	148	0	0	0	680	208	0	729	0	296	0	0	0	96	0	0	0	650	998	0
895	654	626	0	16	465	487	67	0	77	0	212	937	0	986	0	932	0	0	0	0	7	304	711	0	870	694	0	347	632	0	352	168	420	80	0	0	0	942	0	0	0	148	675	0	0	549	686	0	321	0	383	0	84	0	497	0	7	973	0	0	59	690	111	0	387	101	0	130	870	488	588	580	936	311	0	0	5	0	0	544	0	0	222	950	0	609	0	0	182	0	195	11	517	785	0	952	521	0	901	0	0	274	0	669	769	0	833	0	346	629	0	0	668	648	0	778	0	0	0	667	0	0	41	458	0	0	0
273	0	0	0	0	993	47	0	750	0	965	0	0	0	497	0	620	0	23	0	642	971	204	0	580	797	0	899	0	708	0	0	301	0	0	0	186	447	0	943	0	937	108	717	0	0	222	64	631	0	378	0	406	0	0	826	692	970	874	421	827	0	501	0	0	0	0	0	808	873	0	0	0	786	408	0	0	0	0	421	687	0	0	0	0	468	0	219	94	324	12	384	881	944	428	0	0	0	254	957	666	0	0	0	712	0	0	0	0	0	17	0	0	305	0	219	309	0	0	209	0	241	589	712	0	994	0	0
333	0	0	0	0	246	0	533	0	0	769	134	0	0	636	67	3	315	0	453	742	0	0	527	0	556	143	643	0	856	0	348	0	139	189	792	331	413	0	0	0	358	0	493	871	424	0	0	464	0	0	782	429	0	0	832	0	502	0	0	0	0	0	503	0	640	50	331	506	373	656	647	449	924	68	95	0	766	0	547	290	0	900	302	0	0	0	0	0	0	0	0	0	354	0	0	0	661	0	559	0	407	0	359	0	6	0	792	0	0	973	606	481	0	0	0	435	225	0	0	60	0	312	0	0	0	0	619
551	0	0	0	0	517	414	120	562	0	0	326	347	52	462	701	746	791	0	0	602	18	0	667	997	819	620	624	0	256	0	0	0	752	0	937	690	228	300	166	252	0	205	0	502	0	0	249	0	277	0	353	192	0	0	733	0	0	64	807	393	0	779	0	848	0	618	213	854	0	0	167	497	0	0	629	81	0	761	97	0	0	315	223	0	0	0	89	970	0	0	0	504	0	282	227	692	0	0	543	946	0	111	0	0	0	402	378	0	547	0	915	149	635	486	0	0	0	901	0	0	0	817	273	546	0	697	0
829	981	0	157	95	0	45	708	919	0	225	0	0	0	364	745	0	0	356	0	888	0	0	0	0	0	0	723	599	744	481	0	0	207	556	823	420	21	422	681	0	603	565	0	249	0	1000	82	0	0	425	544	0	664	219	505	0	176	646	0	0	0	597	0	293	0	553	480	807	0	0	0	0	740	0	348	0	355	470	0	544	280	0	64	0	0	185	0	0	0	0	908	0	651	522	155	163	0	0	692	0	951	0	702	727	165	471	0	123	0	529	0	0	0	437	358	0	945	115	0	0	0	0	497	736	0	592	525
909	91	990	586	616	729	0	478	0	310	31	349	0	490	0	0	838	687	0	820	0	0	0	887	0	0	0	628	807	380	0	930	795	0	0	0	0	318	0	895	0	0	842	0	229	388	0	0	0	969	0	724	550	0	0	381	945	0	0	0	0	0	468	0	579	758	0	589	323	0	0	0	195	163	0	52	0	196	0	507	0	1	163	106	167	531	0	0	758	114	0	124	0	438	0	541	0	21	165	386	164	121	0	882	0	0	0	0	691	0	61	0	0	203	537	107	106	992	575	964	735	87	633	81	0	0	0	0
0	0	0	594	0	0	1000	149	0	0	0	858	0	578	0	228	329	0	780	0	0	0	652	507	170	337	0	0	0	0	0	129	762	0	0	403	0	388	61	603	0	0	810	0	288	0	0	48	0	34	153	0	0	0	312	0	681	0	0	0	460	387	447	0	0	212	280	0	688	76	0	0	503	0	339	628	868	17	673	32	868	117	606	615	481	0	0	0	0	0	0	0	258	251	0	954	233	852	0	938	0	0	0	518	0	0	0	0	0	375	0	0	0	958	193	0	18	639	0	0	0	90	224	0	0	612	739	108
0	0	279	643	0	823	0	0	462	469	0	896	0	0	0	789	513	561	0	0	127	826	349	0	0	188	74	0	0	730	768	443	927	310	0	211	136	963	0	0	0	944	0	0	215	0	258	801	0	886	0	0	151	557	511	904	839	0	0	0	85	114	0	0	837	633	517	254	0	0	463	0	508	894	0	0	0	0	885	371	434	0	181	1	0	660	818	584	624	130	935	606	0	0	713	0	945	377	0	543	557	0	887	0	942	209	0	367	231	0	511	832	653	0	51	793	423	0	619	698	0	0	0	0	328	0	322	860
0	0	333	0	888	0	780	0	0	0	912	970	943	0	0	787	412	0	840	0	586	550	182	230	680	17	486	118	0	729	210	0	0	0	0	0	0	7	0	627	359	276	681	93	0	608	25	922	479	905	938	966	0	0	87	56	262	318	0	0	945	0	0	82	0	0	0	624	0	805	0	0	0	0	341	0	0	808	622	474	24	544	848	689	0	0	0	499	0	0	0	296	0	626	26	244	0	0	848	329	0	0	0	0	53	825	29	274	908	984	788	0	556	0	0	306	0	0	0	0	0	838	263	253	19	40	0	0
0	0	0	0	152	0	0	858	0	0	834	336	304	0	0	0	0	0	0	0	0	225	0	0	0	865	374	0	304	916	813	0	0	238	717	0	340	0	832	299	0	0	386	496	0	716	78	0	201	999	0	0	701	0	0	0	213	280	0	380	666	967	0	0	0	0	0	0	944	796	0	0	0	554	455	0	0	0	754	222	628	489	0	0	601	0	107	852	0	22	0	956	0	695	712	716	803	0	0	567	0	665	963	0	0	0	0	494	302	737	507	478	0	997	61	0	0	0	0	976	886	484	379	0	0	130	680	0
231	651	50	0	0	246	0	255	0	0	0	694	35	0	112	395	344	0	0	353	0	0	392	0	0	0	161	0	0	382	0	0	0	0	116	0	0	0	265	611	133	749	723	304	37	0	0	0	299	0	0	83	0	116	0	0	498	0	328	891	0	313	0	106	3	208	0	371	0	902	886	0	381	0	0	236	317	198	0	655	526	0	0	0	0	0	262	296	396	275	86	0	59	0	951	0	599	0	0	135	0	0	573	0	552	740	0	0	832	0	0	0	943	677	0	0	0	498	962	0	671	508	610	907	0	0	567	0
0	694	0	0	0	697	366	0	0	215	855	0	157	0	286	0	0	0	0	302	197	0	211	0	0	489	0	909	0	0	227	0	440	0	283	223	0	664	0	0	0	135	716	0	385	459	418	745	216	0	0	52	0	0	534	0	0	673	0	590	885	48	0	636	0	958	0	28	15	0	0	0	180	0	837	0	279	0	989	0	725	306	0	401	105	0	416	0	0	769	0	0	0	0	0	254	0	889	0	454	843	902	0	321	0	0	547	754	0	832	582	99	0	796	289	463	0	0	118	0	805	310	0	0	668	512	349	787
0	0	0	586	0	786	69	0	0	504	14	114	150	139	0	0	0	0	130	0	0	245	0	0	349	699	513	227	883	0	0	240	604	46	865	0	0	0	557	0	0	0	0	404	0	507	208	0	0	0	0	719	309	962	0	123	0	0	0	0	424	0	876	749	278	323	0	99	0	154	659	854	231	0	0	0	0	470	190	0	764	0	0	0	0	0	201	614	32	348	0	0	492	0	981	807	337	578	0	330	0	0	0	0	0	0	706	799	0	940	0	655	325	603	358	804	441	96	764	123	702	0	157	545	0	0	0	909
0	25	81	573	0	0	0	0	0	297	0	0	0	60	0	0	0	0	0	0	0	807	0	0	0	0	0	0	0	0	0	0	137	763	53	901	0	309	605	792	270	0	830	615	0	0	0	0	0	0	0	0	330	916	0	0	843	211	0	0	0	902	0	0	836	0	0	0	270	0	0	0	0	999	0	384	864	0	695	337	300	0	0	0	0	907	0	830	0	0	199	0	0	17	0	776	0	823	662	433	0	0	0	0	0	0	541	0	495	318	599	0	455	0	732	451	0	150	665	0	0	0	0	623	869	0	243	0
993	921	468	0	426	560	997	0	569	229	45	845	913	21	281	626	0	0	0	0	0	657	831	0	870	0	424	0	609	0	0	980	882	0	0	975	149	0	51	758	247	0	1000	965	99	0	0	0	0	117	983	65	664	42	196	0	157	222	344	416	540	0	0	0	378	0	90	0	659	0	0	0	0	0	0	0	0	0	304	727	36	821	0	0	0	382	0	361	291	0	464	0	0	772	0	665	754	249	95	125	0	162	509	604	991	0	464	899	552	711	537	930	0	781	0	0	912	969	953	96	0	0	157	211	0	0	584	0
0	0	0	0	823	131	266	339	435	121	0	891	0	0	4	0	0	0	949	0	0	425	0	325	0	721	314	998	0	0	0	0	0	0	0	676	0	0	0	0	122	643	531	228	951	0	195	516	0	443	301	822	863	0	0	738	489	0	0	762	0	913	428	218	208	0	0	0	0	0	374	759	170	0	805	222	0	0	0	908	418	553	0	218	0	0	89	132	60	0	0	0	132	0	68	543	0	0	0	48	0	0	386	881	0	0	628	0	0	451	0	195	0	0	0	0	0	12	825	0	168	8	586	0	270	892	297	901
609	617	859	982	185	0	865	0	0	0	0	322	107	0	122	0	148	485	0	0	0	0	0	222	0	266	264	0	0	0	825	0	227	276	0	694	0	569	0	921	0	309	0	0	0	0	0	429	108	0	401	205	0	759	0	0	0	666	0	576	248	901	674	880	0	20	0	695	70	0	0	416	365	205	0	209	0	446	111	46	0	0	0	0	0	893	313	279	398	990	0	0	0	392	593	0	0	0	0	70	0	43	0	0	0	0	542	478	856	446	1000	0	0	0	62	0	0	694	515	0	673	672	0	0	0	412	0	259
0	966	0	0	112	0	177	0	175	651	0	565	778	595	765	552	414	263	0	0	0	0	912	318	445	310	0	444	632	2	509	0	0	874	290	810	207	0	0	0	0	527	0	99	0	759	769	370	0	391	0	374	740	0	744	853	0	862	215	320	964	919	8	60	104	0	515	717	0	978	0	427	0	424	344	0	0	348	342	0	725	0	378	0	0	0	0	260	0	0	909	849	751	654	0	0	288	0	0	0	0	0	226	623	0	235	0	982	275	458	641	0	0	816	291	0	0	969	0	0	0	0	0	0	0	674	640	119
0	0	462	0	60	280	157	963	498	221	0	0	93	108	0	502	479	312	0	0	0	372	0	0	556	189	93	0	120	128	0	278	0	864	556	606	0	0	0	877	0	170	0	0	484	0	0	0	0	0	940	0	0	0	850	0	0	178	265	222	0	0	798	395	0	0	476	0	0	0	0	0	0	868	572	0	169	0	193	0	0	774	0	36	139	0	7	0	978	0	454	292	0	773	0	0	0	0	912	0	0	0	0	981	0	0	0	167	0	0	0	0	0	123	0	0	686	0	0	656	484	785	0	36	476	688	735	447
230	0	0	605	0	0	88	0	0	0	714	971	424	843	0	0	0	0	461	0	0	0	0	85	0	0	0	77	0	0	0	0	0	69	0	604	0	0	658	23	0	0	0	145	784	814	0	0	0	863	574	0	0	0	0	704	343	0	249	492	401	173	99	374	0	0	99	0	0	0	0	0	38	0	0	117	0	0	830	280	0	178	0	683	954	0	945	0	402	0	0	570	20	275	0	0	991	409	0	0	0	378	0	0	0	0	0	0	0	0	0	0	0	0	244	826	0	112	0	0	433	0	0	40	0	0	810	0
870	0	479	0	0	752	143	0	260	0	0	265	428	0	0	831	529	0	591	823	0	0	243	0	643	0	682	0	0	137	99	576	186	132	257	965	0	0	0	283	0	0	114	0	0	0	0	705	0	542	0	272	617	0	0	437	0	123	0	0	700	0	0	0	612	0	0	0	847	38	0	53	0	0	0	97	0	703	50	0	0	0	0	0	0	0	0	733	919	0	436	163	0	0	246	0	0	514	0	711	0	595	0	0	464	0	0	0	860	0	0	0	632	0	0	582	729	0	965	0	416	0	0	0	527	520	974	0
0	0	78	176	588	840	0	173	323	965	0	164	0	421	917	0	0	0	656	0	432	0	0	297	0	0	417	0	426	512	0	0	0	741	471	0	0	0	0	0	0	539	36	0	344	795	0	930	0	0	0	0	0	779	0	0	0	0	0	0	0	0	62	847	0	0	0	847	188	0	279	761	0	0	0	0	964	0	194	34	0	447	0	86	0	622	966	33	19	0	132	682	0	86	0	0	723	791	606	762	623	0	0	0	0	211	0	0	0	484	0	580	0	93	892	825	535	228	0	973	520	0	0	161	0	0	0	255
0	0	312	0	907	516	681	728	0	0	0	222	442	0	0	464	601	0	0	0	0	395	0	573	0	0	0	0	547	0	0	31	0	134	91	0	108	225	0	0	995	914	0	0	0	380	0	0	0	0	203	729	0	147	730	238	0	0	0	306	0	161	753	0	738	0	0	0	0	0	0	0	0	885	0	720	0	423	672	0	938	140	0	0	288	769	0	0	920	0	172	0	0	325	0	348	919	0	0	0	0	698	0	0	0	0	498	138	0	965	0	722	0	0	861	0	378	471	955	433	0	0	131	783	0	0	0	0
537	630	0	0	0	21	0	40	0	135	63	852	851	882	207	692	582	391	216	0	3	797	412	539	553	127	266	474	0	847	789	322	0	0	0	496	140	895	719	139	709	0	630	984	0	467	0	0	62	0	202	602	0	0	750	0	0	84	0	0	791	0	212	0	345	240	342	0	489	568	401	560	0	0	400	845	0	496	496	854	17	448	0	0	0	0	316	0	528	0	93	0	0	612	0	0	177	29	0	0	79	828	0	0	0	0	73	0	0	328	280	56	768	0	0	0	0	0	695	0	535	557	0	0	0	846	0	334
0	0	675	0	348	0	265	20	0	0	0	884	0	412	0	0	483	0	0	0	0	0	0	755	944	0	520	839	0	629	168	836	281	703	449	851	0	0	0	276	838	191	0	0	0	227	0	85	0	0	0	353	665	0	147	200	359	719	0	44	937	0	0	877	191	0	588	0	448	0	0	0	0	594	108	0	0	0	0	276	330	411	349	385	360	0	324	197	538	931	311	0	0	0	0	736	892	201	0	0	0	886	906	0	0	894	0	638	0	596	0	0	978	0	933	392	0	865	0	929	0	804	153	0	786	0	279	0
938	868	415	904	0	0	627	682	270	0	743	0	983	355	0	577	0	0	351	843	0	0	864	0	720	952	615	228	738	764	893	0	243	259	18	0	0	322	0	0	0	213	0	0	352	0	0	0	0	0	352	877	554	0	893	0	338	680	446	0	299	0	0	662	0	0	0	993	285	865	0	0	0	470	0	0	0	0	962	0	499	558	865	0	0	0	167	121	0	333	562	0	348	519	964	0	0	368	492	104	0	0	0	680	236	0	52	0	0	845	0	0	0	903	0	0	0	0	941	31	0	519	789	916	0	0	0	0
0	246	471	0	686	0	0	495	298	897	0	394	0	222	233	0	0	0	66	821	0	693	318	0	0	0	722	135	439	0	115	217	0	0	801	197	967	205	0	548	0	880	0	0	255	0	0	0	935	691	0	794	0	731	0	512	197	0	814	0	80	0	0	0	0	0	0	814	713	867	0	0	72	0	0	843	778	0	0	865	0	679	0	924	215	0	546	664	716	0	0	0	799	0	723	630	0	0	0	624	840	800	231	0	760	142	0	375	0	811	520	520	0	0	76	0	0	371	0	0	609	427	260	0	756	981	3	955
0	881	0	0	270	41	73	615	0	0	0	813	352	845	573	0	494	0	446	843	959	585	904	0	911	498	0	0	206	886	677	0	378	398	910	0	0	540	611	347	0	0	336	153	0	0	0	93	0	930	359	408	0	0	0	0	598	0	0	0	0	289	0	0	259	366	0	166	0	0	113	198	0	94	321	884	0	0	0	0	0	438	0	0	0	534	0	0	0	0	718	0	0	492	571	0	950	368	0	624	693	514	0	0	0	215	0	0	0	0	321	0	509	0	0	0	0	0	0	957	0	0	0	268	0	718	0	596
0	0	870	472	794	0	0	608	754	359	0	628	0	0	638	0	550	654	0	0	0	0	0	533	0	621	0	539	111	407	859	0	0	340	0	576	0	870	0	0	0	326	0	466	0	0	990	0	509	0	452	180	780	219	759	176	0	115	645	852	0	0	0	0	803	0	0	528	186	598	662	0	0	0	0	570	0	481	0	918	0	963	45	0	542	0	0	512	96	813	21	503	0	436	40	911	734	0	0	43	839	0	0	968	484	773	0	0	0	0	0	0	0	433	982	557	282	636	39	896	0	0	89	233	192	0	0	656
0	0	0	671	550	866	0	556	0	0	0	525	90	23	0	0	13	184	0	0	0	0	148	686	915	705	0	0	0	0	126	0	149	0	684	712	0	0	0	0	0	0	738	870	581	962	173	0	0	352	0	325	633	175	589	0	760	0	341	812	334	865	762	0	0	417	0	453	896	81	0	704	311	0	0	0	969	711	534	784	449	0	0	10	0	988	0	829	0	0	631	0	0	0	0	0	0	0	0	0	0	0	0	0	86	0	790	897	904	0	0	286	22	999	139	60	815	0	0	0	0	0	341	897	0	812	0	0
275	979	148	0	0	640	0	0	659	251	608	0	447	0	348	438	0	0	703	0	473	0	119	0	0	0	266	695	116	367	75	0	961	0	911	0	404	0	0	103	546	639	0	183	0	0	657	0	0	0	353	975	34	58	0	0	0	0	183	809	987	468	0	987	0	0	668	0	0	0	305	668	0	372	968	177	0	0	718	0	0	0	0	0	199	7	381	0	0	0	0	118	210	811	0	868	0	0	30	429	806	0	629	381	0	469	0	0	926	416	0	0	834	0	0	0	0	653	621	320	0	0	615	718	0	0	735	0
595	0	736	0	822	115	386	0	210	0	707	0	213	502	0	917	0	795	345	0	0	0	766	0	998	0	0	0	892	759	0	0	255	0	112	0	0	0	277	0	800	0	131	797	0	0	0	583	699	589	727	513	384	169	0	475	0	868	41	263	0	377	645	0	0	0	0	0	442	0	0	980	0	0	0	311	0	18	0	0	623	852	0	0	586	606	494	0	703	339	0	0	0	828	0	0	315	590	0	0	0	0	0	314	87	0	0	257	119	0	0	961	0	0	0	0	592	0	0	0	614	0	987	692	733	0	648	205
0	9	917	646	605	0	1	0	0	326	880	336	101	0	0	0	556	391	42	961	396	729	591	294	0	129	871	571	101	0	820	571	214	0	0	193	0	769	0	889	532	422	0	0	0	447	0	648	19	0	257	0	87	2	0	302	282	796	903	375	0	0	0	968	898	33	0	43	201	0	1	148	88	0	846	523	657	0	927	0	0	0	0	0	0	247	0	85	641	0	183	0	0	241	721	0	0	625	0	0	442	578	0	237	0	733	342	0	277	527	0	0	0	0	0	0	772	418	894	0	0	0	0	0	757	59	0	0
48	380	0	0	0	0	367	531	0	974	0	0	339	0	0	0	586	0	324	0	0	0	772	0	0	101	0	956	0	328	0	0	643	0	413	0	0	0	0	0	0	135	459	0	0	349	0	423	0	0	0	0	0	416	0	176	365	0	0	476	245	0	594	637	967	794	0	0	0	225	791	834	556	77	0	902	889	91	621	182	0	0	0	0	0	690	0	0	687	0	0	0	0	0	651	0	0	912	159	0	660	0	53	0	725	490	137	0	444	0	0	0	652	0	209	0	0	0	22	213	0	0	0	0	550	0	4	203
0	798	653	978	753	0	565	0	0	803	0	0	488	0	0	9	0	472	535	409	277	801	22	0	876	0	0	0	0	0	497	882	0	75	198	0	0	0	802	0	0	395	0	120	841	0	0	0	394	932	624	744	0	0	0	319	181	0	0	422	0	0	932	0	536	0	0	0	0	425	0	756	0	0	358	949	652	0	0	0	0	0	746	399	582	0	0	0	364	827	947	488	0	517	250	0	926	0	0	840	0	0	0	899	0	441	0	0	0	129	25	0	0	626	0	0	0	0	0	0	0	0	918	976	511	56	0	0
564	0	0	0	0	714	0	0	103	0	0	233	0	79	552	0	0	0	0	0	0	0	785	311	804	0	145	650	670	0	265	997	0	930	0	0	0	585	470	0	287	150	0	0	0	560	728	426	0	251	855	0	40	520	0	0	888	281	0	368	0	0	937	964	819	224	0	0	762	0	0	0	0	76	504	0	552	0	0	365	387	429	0	0	0	0	725	926	0	0	0	0	266	0	0	0	867	0	347	590	0	0	0	0	3	374	734	127	0	0	0	0	0	0	510	0	491	720	0	0	0	159	161	18	404	0	250	0
0	0	143	904	0	0	927	0	0	0	476	611	739	0	231	309	62	531	0	820	234	613	0	0	0	342	0	807	0	0	205	0	0	648	0	258	0	984	0	0	0	0	0	0	389	0	474	0	830	212	0	0	334	0	22	859	145	0	516	0	0	751	470	694	0	0	0	36	133	153	0	226	502	0	75	877	934	0	70	550	29	955	2	913	0	0	679	67	370	0	221	481	561	72	592	204	0	760	0	316	315	0	227	0	942	0	496	652	182	778	0	0	0	0	0	0	999	0	63	0	0	663	462	0	939	550	0	0
0	931	528	16	952	0	0	73	0	499	695	802	0	0	0	0	0	225	0	11	128	0	0	0	44	922	172	463	911	242	913	0	0	0	682	0	0	0	0	695	0	0	663	0	0	0	0	245	253	0	0	0	384	0	0	0	184	0	972	725	299	0	959	618	0	5	217	0	878	0	236	478	0	91	0	406	0	914	69	0	10	731	374	461	0	507	0	0	577	0	0	207	0	925	615	0	572	0	258	0	0	977	0	0	818	0	0	0	386	541	900	0	0	64	0	0	658	633	0	0	270	0	0	459	0	418	722	0
0	907	0	0	921	152	0	0	0	902	0	0	910	0	0	0	0	829	721	0	0	325	187	409	884	743	924	0	538	0	0	0	714	0	792	0	0	762	937	12	0	0	253	0	0	0	0	866	43	0	661	0	0	945	0	354	563	555	0	0	0	0	0	957	0	0	0	154	0	0	0	7	367	978	180	0	489	341	0	0	272	215	0	588	560	770	180	730	402	0	0	0	869	0	207	228	0	494	0	0	0	930	559	0	0	0	0	0	969	0	0	501	0	96	756	716	0	0	0	274	398	0	665	657	402	0	671	735
0	385	0	893	538	672	0	695	0	0	508	0	0	0	548	338	667	0	634	0	726	34	227	451	0	0	508	744	0	289	0	861	89	923	18	885	261	0	0	853	0	242	544	878	765	0	0	331	0	0	502	811	0	785	121	903	0	0	0	0	95	157	0	0	0	0	828	111	0	867	0	885	392	0	395	178	327	507	0	0	545	0	0	197	316	337	699	0	0	669	0	0	173	394	0	0	303	274	0	879	399	0	0	666	875	353	83	0	0	917	270	0	213	0	0	0	693	0	354	94	2	641	0	489	0	758	863	0
0	74	0	0	0	0	0	0	0	0	53	258	0	0	109	718	734	590	385	214	0	984	382	948	0	155	869	468	0	552	385	0	802	0	0	185	0	864	0	0	0	178	748	760	320	882	0	0	613	4	0	731	306	446	0	863	871	0	196	575	75	0	0	0	0	0	0	0	0	0	235	0	811	822	706	742	0	12	402	114	891	268	219	0	0	0	0	939	0	90	103	0	959	413	918	0	0	0	0	0	967	0	15	118	0	0	540	225	0	884	30	0	890	0	141	106	0	0	77	456	0	0	0	0	636	921	0	709
724	0	0	0	876	0	0	670	703	0	0	0	297	0	321	970	581	0	0	117	926	703	910	0	0	940	0	419	947	144	0	886	0	0	0	228	0	959	0	762	0	295	419	0	0	642	63	402	0	287	0	0	0	0	412	0	6	115	0	0	292	0	19	0	0	966	565	0	635	575	782	146	499	0	805	0	93	0	50	0	0	0	0	241	832	800	0	0	97	674	753	0	0	670	813	809	0	0	450	0	0	0	0	0	938	0	744	0	0	0	0	0	398	0	607	0	0	958	0	842	155	0	0	820	0	0	0	970
133	761	0	792	501	0	0	679	946	0	575	554	0	45	0	831	332	193	898	0	0	330	0	118	669	0	0	325	933	0	0	0	0	187	0	0	0	0	839	0	0	394	788	822	0	0	574	0	643	0	0	0	771	306	8	819	0	601	0	370	0	943	0	0	605	0	994	0	0	452	975	187	357	87	253	0	0	0	0	0	907	0	334	0	0	0	0	0	0	96	0	0	257	580	0	24	86	969	282	138	450	0	282	885	950	301	0	0	0	79	0	142	966	601	122	67	544	250	0	0	133	575	925	344	0	0	98	0
805	143	0	0	847	179	0	786	0	137	0	540	485	668	0	0	250	0	886	0	0	0	0	219	357	0	391	0	0	261	964	0	609	0	148	0	235	311	912	0	143	0	332	0	574	0	0	0	109	511	345	832	628	87	824	238	683	0	301	0	0	282	0	0	0	0	314	0	0	0	0	909	0	138	0	681	0	706	540	0	0	0	849	0	460	0	308	0	0	104	907	454	0	894	873	0	0	115	447	0	312	0	0	0	400	0	134	581	417	195	0	0	529	0	0	0	0	910	199	0	305	0	303	813	470	0	0	0
0	0	0	284	301	440	0	568	0	0	0	288	436	0	198	739	710	0	246	0	0	0	0	0	230	0	0	425	950	86	604	543	0	973	0	0	680	0	0	390	0	0	386	0	125	0	88	14	0	810	0	0	0	0	241	217	299	0	0	0	0	151	0	509	217	505	0	188	156	334	0	702	0	159	267	0	647	0	645	0	521	547	247	0	954	763	245	458	658	0	0	0	0	0	0	284	0	0	0	950	658	510	358	0	88	0	0	31	444	0	349	0	330	0	700	161	920	0	307	543	0	0	115	858	0	0	0	423
0	190	904	0	148	43	346	312	0	204	255	0	292	0	0	531	258	0	799	124	0	964	655	13	212	0	722	0	0	0	0	0	0	0	0	453	520	0	807	0	0	0	0	535	0	746	695	448	494	0	277	66	0	654	0	798	0	0	0	85	0	0	86	393	0	402	0	0	426	0	0	0	0	967	504	0	0	0	0	313	301	0	741	0	9	968	132	0	872	0	564	0	331	412	0	257	0	734	0	200	339	493	0	650	0	331	181	0	889	772	277	0	774	279	0	0	800	0	0	0	797	600	676	0	0	934	685	865
0	430	854	470	0	416	682	0	90	0	0	0	316	0	235	596	0	0	648	698	0	847	792	135	185	0	386	175	205	434	910	742	0	0	542	0	0	0	0	0	916	33	618	718	136	0	0	275	787	611	994	0	203	78	85	0	307	223	0	0	684	18	0	0	0	0	64	940	544	0	0	0	0	73	456	495	490	0	903	0	0	730	0	0	0	0	577	0	0	0	798	0	593	0	0	0	0	561	0	608	0	0	39	57	435	0	938	419	0	926	0	211	24	0	0	0	0	0	212	0	506	599	0	92	585	107	0	0
633	0	0	0	0	0	0	31	767	756	185	0	0	224	712	971	383	691	0	0	0	407	0	965	0	403	103	0	0	0	61	0	234	0	389	591	0	677	176	329	783	224	521	62	0	410	963	0	0	243	75	381	676	0	500	854	757	554	101	728	0	794	100	0	0	0	371	480	667	20	0	0	538	182	0	448	211	0	0	0	437	0	0	516	63	825	0	0	0	869	0	73	134	394	0	926	925	110	229	0	418	0	0	306	0	309	540	124	0	0	448	0	709	0	833	0	0	143	359	950	76	927	0	267	0	709	0	0
0	827	0	954	684	0	0	416	0	0	288	0	0	895	75	791	610	0	890	608	0	0	539	568	560	0	832	0	0	0	0	777	117	196	65	0	0	0	0	0	0	591	779	0	0	906	0	325	0	720	399	0	4	0	0	309	382	0	728	0	971	256	891	810	3	0	289	254	180	673	305	0	972	224	0	97	702	904	194	0	984	0	458	892	0	844	119	917	7	522	0	174	99	0	0	188	0	562	0	0	679	201	0	984	0	974	821	489	201	0	0	0	137	0	783	0	799	57	434	281	0	298	0	0	0	276	562	632
896	0	947	482	406	0	0	0	0	386	0	0	0	0	77	0	0	852	99	862	0	0	0	0	343	0	0	0	0	716	0	741	0	0	0	921	524	0	599	0	0	0	0	532	154	487	196	856	444	0	0	0	929	721	706	0	296	597	0	282	0	0	0	747	0	806	590	0	765	165	0	620	0	0	329	59	169	0	437	0	0	0	10	79	151	0	684	0	0	0	361	0	437	0	0	716	64	0	0	599	0	667	0	0	149	0	0	789	757	827	0	943	0	698	637	0	0	0	135	866	0	457	0	493	0	0	879	0
0	688	668	497	0	0	432	0	0	0	0	863	418	0	621	301	0	885	802	321	218	113	201	130	749	0	423	40	0	783	0	503	692	0	752	0	0	853	0	0	978	0	0	789	30	0	661	284	431	701	592	0	0	0	591	0	0	601	0	0	278	0	601	0	851	405	837	0	727	0	383	0	188	0	0	0	0	597	0	126	828	0	756	0	573	0	435	0	0	0	0	0	633	182	0	895	244	194	100	458	0	0	0	691	0	189	0	816	759	0	0	0	241	0	85	0	753	334	491	630	0	585	0	0	0	40	881	330
0	104	0	0	0	848	0	869	388	591	0	282	616	0	0	0	36	0	0	0	200	681	0	0	0	1	0	0	531	0	678	0	0	0	0	0	0	76	0	0	0	471	0	827	567	0	792	0	0	0	0	563	0	0	985	0	852	0	754	0	473	190	866	0	476	0	0	900	887	472	0	884	0	477	393	0	637	0	969	52	790	473	889	0	0	0	84	115	585	0	871	0	450	0	746	581	0	0	44	0	0	0	0	380	0	509	629	960	0	61	197	127	890	0	181	0	10	0	0	0	0	610	0	0	0	948	143	713
0	743	0	0	412	0	0	518	0	235	0	253	611	25	0	0	863	787	0	929	40	788	0	0	334	965	195	373	116	323	131	325	0	602	872	50	702	537	0	501	103	0	0	0	0	0	602	335	0	489	156	0	0	947	0	656	852	0	138	908	957	45	705	175	709	0	355	979	870	897	0	0	0	598	0	0	0	958	325	0	0	0	0	0	487	825	0	950	0	0	0	0	199	892	0	0	501	786	0	0	0	0	769	486	0	102	0	744	0	252	0	0	0	573	245	0	0	671	0	394	956	98	180	881	261	867	102	0
172	573	876	137	0	755	886	0	0	392	424	953	237	847	0	863	848	825	0	744	95	924	438	0	0	0	510	425	0	0	355	0	0	0	0	0	119	288	328	0	54	927	0	0	0	501	0	629	588	0	0	0	625	723	107	403	0	2	0	0	0	0	0	0	0	0	0	798	0	0	0	295	568	23	0	0	731	522	604	272	844	157	0	0	0	293	799	0	85	886	0	0	0	0	23	503	774	0	774	0	893	0	817	0	0	973	0	664	341	897	0	475	139	0	0	622	0	0	0	940	0	842	954	445	222	780	0	0
75	0	535	0	0	800	118	0	308	927	478	0	0	723	0	0	0	0	830	417	0	0	0	327	343	315	697	0	854	131	635	29	247	0	0	0	672	0	940	0	0	0	36	0	0	446	990	0	0	587	427	870	0	805	340	658	120	484	0	0	934	0	0	677	0	659	0	758	0	49	0	942	0	110	991	173	484	0	0	791	0	268	0	718	0	0	174	0	101	0	805	648	0	0	719	0	836	0	0	0	853	0	0	860	975	129	395	155	0	715	0	0	0	198	167	498	0	0	582	0	0	16	779	0	0	0	0	0
