0	0	776	911	0	41	0	988	523	497	414	940	802	849	310	991	0	366	0	913	929	223	516	0	288	0	773	0	633	818	256	931	0	722	0	0	0	150	0	101	747	75	920	0	0	0	483	573	103	0	0	323	625	0	0	209	989	0	0	453	0	533	0	0	824	940	561	0	14	95	736	860	408	0	0	0	0	0	0	626	0	847	888	0	0	0	333	0	891	0	0	939	581	0	244	822	990	0	822	556	0	0	0	327	0	520	955	501	0	308	0	0	723	127	560	340	834	0	553	208	0	0	0	560	0	294	455	0	0	0	394	0	589	247	297	0	193	841	191	0	0	672	266	0	70	91	695	775	133	897
153	945	39	0	82	919	0	0	849	553	0	400	857	722	537	282	0	0	0	869	0	0	0	0	845	0	0	0	281	461	504	0	656	0	0	812	0	0	0	627	0	498	0	645	0	0	194	0	0	0	0	0	0	225	380	0	0	0	0	0	0	103	801	149	0	0	0	0	836	0	0	931	958	547	0	696	75	0	127	650	0	0	0	0	0	400	93	379	0	118	37	0	22	0	984	993	0	0	0	0	0	744	0	0	0	695	0	0	435	0	103	855	0	0	226	73	662	308	358	446	184	0	0	0	0	0	0	716	400	0	266	0	0	749	0	0	923	940	0	173	714	0	0	989	785	0	807	692	0	865
165	350	542	0	0	611	943	452	0	0	0	482	0	0	0	0	0	0	939	318	664	365	397	0	673	0	157	574	707	12	0	0	0	343	756	0	557	287	0	245	780	976	493	360	0	0	0	367	604	0	0	648	0	635	0	732	317	397	0	424	0	0	82	1	0	196	715	342	0	0	228	652	458	387	727	896	0	581	895	424	0	0	892	0	0	0	790	0	726	47	0	456	65	265	718	161	0	0	906	0	0	0	618	0	0	0	39	0	333	319	0	478	51	0	842	896	0	0	0	0	561	0	0	0	857	742	0	15	0	0	0	427	0	0	218	0	734	0	0	842	691	0	626	100	0	0	622	664	203	894
0	0	0	0	102	487	0	0	0	642	83	22	0	0	0	819	0	0	882	262	136	669	0	836	0	0	355	117	0	158	0	871	19	0	0	0	697	0	0	0	0	0	960	581	0	0	43	0	767	0	0	622	0	506	0	659	0	0	655	0	381	892	550	182	212	0	601	298	0	0	0	0	341	0	0	376	0	95	346	0	635	0	0	276	167	0	0	296	369	0	561	132	300	117	0	748	0	956	0	315	183	0	535	0	72	309	0	855	0	306	424	0	0	0	0	492	485	0	861	0	0	0	0	127	490	0	0	509	0	38	309	343	0	0	915	159	0	170	0	578	384	0	997	654	89	67	0	0	0	0
226	0	394	0	0	403	569	531	296	0	942	0	807	598	731	0	0	433	0	0	0	0	599	0	170	0	0	0	117	0	841	884	873	0	28	0	538	462	0	0	206	121	0	407	0	212	656	43	970	816	221	638	0	107	202	469	0	0	559	846	0	107	610	0	0	0	415	0	0	0	0	0	0	0	0	909	330	853	510	0	0	0	895	206	0	624	953	224	9	348	722	985	0	0	325	837	329	0	0	0	0	263	0	0	159	862	0	596	301	0	723	0	0	67	0	86	528	889	937	0	0	230	133	41	0	0	0	864	459	338	882	0	0	152	889	0	0	991	380	517	0	0	542	514	34	0	92	0	813	0
530	0	614	78	764	0	0	772	0	296	0	0	0	0	0	0	493	0	810	995	397	622	0	239	871	0	817	20	672	906	0	758	186	309	0	0	0	340	67	505	880	268	0	844	310	0	0	0	0	0	63	0	656	957	0	244	0	746	0	342	0	964	0	492	0	144	0	0	0	616	0	83	689	0	0	829	0	421	0	626	477	395	469	0	103	482	0	155	0	33	612	0	0	0	0	107	0	562	0	354	0	0	802	0	0	502	113	902	61	624	0	0	629	0	956	345	666	0	992	0	0	0	303	0	869	130	0	0	396	818	0	0	0	893	980	0	0	124	531	881	0	0	0	0	401	455	380	774	195	466
365	808	647	0	979	0	923	0	0	497	261	922	27	967	532	0	0	0	0	221	0	0	0	0	0	910	642	0	514	0	0	0	519	312	0	116	0	436	913	0	0	945	0	0	107	0	64	101	425	792	159	751	0	0	810	0	0	702	0	0	508	0	884	0	332	0	258	0	0	72	124	0	0	0	0	356	182	10	0	0	0	838	374	0	610	914	146	0	0	0	0	689	749	0	0	126	765	0	300	0	0	0	0	619	238	0	145	0	464	115	488	352	0	0	0	133	0	989	0	370	0	484	0	299	0	959	899	0	566	651	0	188	0	0	0	546	594	0	0	0	919	150	0	0	0	228	323	520	0	0
772	188	298	0	0	0	0	881	0	615	0	403	0	0	74	135	0	0	0	0	758	0	145	605	432	305	652	363	86	254	0	0	0	0	0	541	0	0	418	8	427	0	745	0	0	451	208	380	0	0	482	93	973	189	815	0	283	0	571	0	0	157	814	0	456	0	0	189	0	0	442	0	253	982	464	0	959	535	0	0	473	646	0	88	494	773	0	301	0	850	715	459	0	0	7	0	0	117	0	0	308	558	623	0	0	723	0	0	0	694	0	0	983	0	0	780	415	0	0	22	0	0	904	684	41	0	0	0	0	911	595	0	0	0	104	0	0	0	290	892	0	0	0	200	609	87	0	72	0	0
0	546	348	121	0	0	0	0	942	780	0	0	0	881	0	289	532	0	587	0	0	215	0	107	420	0	0	556	0	759	797	0	807	0	0	0	0	0	0	141	160	0	0	123	0	0	605	0	0	0	684	0	0	647	0	760	425	0	0	0	711	513	0	504	0	0	0	454	0	0	763	507	0	0	0	220	0	0	0	0	0	10	866	539	0	703	0	0	702	0	0	946	0	404	6	0	42	118	0	0	0	0	655	716	0	0	0	0	0	0	586	0	0	107	444	471	0	0	0	0	0	431	663	918	0	445	0	0	955	0	0	0	323	0	213	932	191	0	0	0	398	0	826	503	398	747	225	814	200	449
962	209	600	0	0	927	0	0	0	648	86	0	191	372	0	0	0	0	0	0	0	0	0	88	721	889	0	0	291	789	898	904	0	0	469	0	0	0	0	681	979	664	0	0	0	752	0	440	0	0	0	260	0	487	0	345	272	43	44	0	166	358	0	0	670	0	143	65	805	0	0	0	993	623	0	571	943	226	464	197	347	0	0	620	904	87	0	326	330	0	466	914	0	261	0	534	45	0	0	0	214	0	537	0	192	0	206	0	688	0	753	308	0	529	0	0	260	493	352	0	729	245	45	313	956	565	74	9	471	0	0	448	48	939	828	422	0	0	450	120	0	0	246	0	0	0	157	0	905	941
0	0	0	78	0	0	572	0	0	849	403	40	981	184	255	0	225	131	0	891	0	0	0	0	445	0	570	0	292	624	554	807	0	728	0	0	0	526	0	473	0	649	267	0	0	16	0	629	802	0	101	0	0	0	0	223	0	0	753	0	0	759	548	527	438	879	0	0	393	0	0	121	0	754	578	367	235	0	0	0	0	0	0	226	757	851	923	245	66	530	0	690	0	239	382	0	0	0	0	175	0	829	0	0	516	0	375	0	0	0	0	132	897	0	0	999	181	0	0	0	783	211	800	937	793	0	0	785	0	992	0	0	0	0	0	0	778	0	361	623	0	0	644	510	0	0	110	630	853	0
539	0	0	0	0	0	12	981	225	0	0	166	0	0	506	828	976	755	492	559	321	0	868	80	0	140	0	0	0	195	841	324	0	298	393	966	0	0	0	322	743	0	0	255	351	0	451	0	0	0	0	0	266	352	687	166	312	0	364	0	0	0	749	645	0	0	22	502	642	0	25	247	46	12	0	0	669	334	68	840	63	353	0	679	432	0	0	0	0	0	0	0	366	319	181	664	0	0	804	765	0	391	9	0	912	270	0	544	0	0	703	721	0	777	42	0	943	0	418	976	399	175	0	0	0	0	0	0	0	860	0	716	0	0	337	0	860	0	840	0	252	968	0	0	0	0	0	760	0	858
0	0	172	735	80	437	949	885	612	106	0	0	0	0	153	629	616	0	0	0	0	0	0	0	27	640	954	910	0	0	91	0	0	0	154	0	0	0	364	166	0	771	0	345	0	822	504	967	0	0	0	543	922	0	0	480	1000	0	791	0	584	565	0	956	0	39	0	0	738	0	413	354	0	0	0	0	0	35	0	0	0	0	0	794	951	296	702	0	212	0	541	528	348	395	854	995	256	213	0	0	337	0	0	965	0	0	600	0	737	0	697	0	0	0	0	888	921	0	338	866	0	839	0	0	835	0	0	0	0	0	0	298	640	300	330	506	801	0	0	441	0	0	807	0	582	44	0	0	0	951
9	0	738	491	931	0	0	0	0	797	263	0	626	0	71	0	0	434	285	972	850	0	0	0	0	0	0	0	0	0	964	0	647	815	556	619	0	772	0	272	0	291	13	438	797	0	0	287	968	264	550	539	0	0	350	0	0	0	0	0	145	0	6	0	523	0	0	0	718	945	0	576	0	369	475	972	37	0	0	421	0	628	0	823	778	0	0	16	370	0	0	0	696	199	646	0	642	0	508	19	0	752	0	0	913	0	0	0	967	776	0	430	79	0	458	0	761	0	460	0	0	916	826	829	0	0	0	0	168	0	0	0	0	0	0	404	0	278	0	0	902	775	0	364	624	335	92	314	0	504
0	0	0	0	780	0	0	0	794	650	0	689	398	713	0	842	0	0	476	0	849	0	129	0	727	0	0	0	0	0	485	0	534	0	42	83	0	0	0	0	4	71	195	734	113	0	0	482	0	0	0	0	865	977	967	25	0	0	0	0	783	650	281	0	686	145	0	0	413	887	0	0	0	166	0	914	137	932	0	722	0	0	782	0	47	0	0	0	0	0	568	0	762	714	0	0	0	184	0	819	599	832	84	0	0	0	0	0	206	819	267	335	717	0	259	801	265	0	0	0	0	158	0	0	0	565	0	0	647	0	0	656	524	34	0	775	0	0	0	0	197	0	0	467	625	244	0	469	0	0
726	0	934	670	0	0	0	0	58	0	0	0	0	0	2	0	0	0	106	0	0	0	583	0	0	853	0	0	0	861	0	0	121	0	0	947	23	186	0	128	0	0	0	622	0	0	0	660	0	715	0	0	0	0	53	0	785	0	0	0	0	0	855	0	79	0	55	451	363	0	0	635	774	0	0	0	0	869	0	464	422	0	31	464	0	0	195	0	0	0	366	98	126	0	0	0	181	0	630	0	0	918	0	0	0	0	0	763	0	711	507	0	82	878	52	0	0	411	0	0	0	0	0	28	0	528	98	0	0	0	341	0	0	0	482	991	0	0	930	0	640	0	293	0	37	0	385	0	160	967
561	0	150	164	0	798	0	162	0	0	0	0	899	0	639	0	968	24	494	0	0	640	0	407	45	0	0	650	0	0	174	989	0	360	0	167	899	430	0	372	897	578	0	0	0	0	13	166	952	0	0	703	399	735	0	0	152	0	25	0	331	522	0	0	0	0	947	0	586	626	151	797	156	0	0	388	806	0	0	446	581	0	702	340	728	0	944	0	0	522	0	546	0	0	0	0	0	0	0	989	98	0	917	446	251	0	390	0	938	0	245	660	0	406	942	595	0	855	0	0	0	539	0	0	0	0	626	798	0	897	242	0	41	0	0	888	0	0	0	641	0	0	0	0	49	147	730	0	27	0
431	0	0	0	0	0	0	0	730	0	0	473	165	173	348	0	420	162	0	0	885	290	780	0	115	0	0	0	0	643	0	0	484	645	0	0	0	0	0	980	263	0	740	597	332	0	0	649	42	298	564	441	0	698	0	275	384	0	0	0	0	135	0	0	0	0	0	0	0	407	0	0	0	0	0	697	0	796	435	0	743	567	0	0	0	0	168	233	0	0	138	838	504	365	921	903	0	753	294	0	812	0	0	0	821	0	936	875	0	0	0	0	0	0	0	350	0	0	0	0	545	0	0	934	385	0	761	0	0	240	901	936	387	0	0	971	0	0	313	987	419	0	832	0	699	996	157	151	0	597
609	0	721	0	0	0	109	713	797	0	0	0	0	659	617	0	0	273	0	749	0	0	0	87	812	36	10	118	0	0	836	0	492	325	110	0	0	0	0	713	259	0	498	831	794	234	0	162	575	0	847	0	0	799	0	0	0	907	172	26	847	658	0	170	899	529	418	0	0	0	0	0	0	0	0	0	0	137	0	0	175	906	451	578	54	0	0	0	0	88	659	0	414	342	0	518	894	0	0	0	0	104	275	0	0	0	564	660	403	0	271	185	0	0	0	163	309	0	623	0	938	0	467	0	985	0	489	402	0	0	419	569	0	271	0	235	0	0	0	144	368	831	0	141	674	0	0	0	681	0
600	0	0	0	0	882	414	571	716	0	616	0	0	0	109	0	0	572	0	0	798	0	0	0	702	0	0	232	509	858	0	0	230	9	507	0	969	977	0	0	0	93	79	312	587	0	0	0	0	0	0	881	776	148	0	0	0	0	0	0	0	675	0	800	367	0	393	627	132	851	0	0	0	363	512	0	482	234	0	0	382	0	0	367	0	284	367	0	410	785	784	731	289	887	107	491	925	0	123	456	0	0	0	0	0	0	0	0	0	0	234	0	0	393	998	398	475	0	0	0	1000	579	848	632	0	0	0	514	318	498	238	0	530	0	0	94	483	324	403	912	0	0	840	990	441	0	589	0	41	0
95	269	0	0	334	0	115	0	816	0	0	0	239	975	44	8	0	547	4	0	119	0	619	0	957	0	0	0	758	477	0	868	1	0	918	0	866	425	68	0	181	0	0	0	0	425	391	0	0	0	446	0	390	0	0	0	0	977	0	0	0	0	0	376	846	0	0	464	656	0	0	529	94	0	967	105	0	105	279	24	0	145	635	0	0	139	0	212	586	0	0	0	206	431	520	0	123	0	0	0	932	486	0	0	0	0	0	0	465	0	347	131	0	260	386	0	0	0	0	0	0	883	0	464	0	359	492	793	957	420	24	457	0	909	0	565	0	981	0	793	0	229	439	246	0	0	0	144	0	451
290	368	668	0	613	0	951	0	0	0	0	700	0	0	0	955	0	0	689	0	968	0	0	0	0	0	890	636	0	164	0	0	479	0	694	0	421	0	0	171	400	0	805	0	0	790	0	347	908	0	0	0	533	192	741	0	187	0	945	0	729	0	0	596	444	0	0	0	0	505	0	0	584	951	218	612	451	33	248	499	0	0	0	0	0	748	201	0	0	0	137	0	453	895	0	624	229	0	0	111	0	0	775	528	0	0	661	649	0	906	0	0	505	0	196	167	0	570	0	365	0	448	400	0	679	0	0	0	0	150	225	0	0	0	159	976	958	0	973	0	0	0	215	913	0	721	47	0	0	0
89	874	0	599	0	894	0	421	0	0	648	0	983	684	139	0	0	928	0	0	0	0	0	67	0	0	0	748	504	770	15	0	429	0	775	368	319	85	762	23	0	0	244	628	0	886	28	0	0	981	524	0	0	0	0	112	607	0	285	899	858	0	391	393	0	518	949	0	0	843	0	0	0	0	45	0	0	641	598	0	0	64	978	539	490	445	327	394	746	0	24	0	0	0	0	958	985	136	0	0	906	0	121	0	0	253	32	0	0	270	393	118	0	298	382	0	822	0	0	762	844	554	554	0	0	0	565	14	165	0	0	839	0	0	883	264	339	140	352	0	0	574	0	0	0	776	69	0	584	106
533	76	0	0	0	496	0	0	0	800	228	0	0	571	856	724	222	181	0	679	984	0	408	206	0	0	0	0	356	161	275	738	0	916	356	997	0	0	0	0	476	848	0	131	0	0	0	0	0	0	0	0	838	335	315	893	723	800	972	0	35	86	626	14	0	822	0	0	0	281	206	525	567	354	0	459	91	424	0	0	0	0	125	82	0	0	331	178	0	0	643	0	0	715	0	32	23	0	0	653	865	0	78	0	999	677	320	324	0	0	294	0	802	0	254	869	909	0	0	0	265	0	0	804	397	428	0	0	230	0	973	320	932	827	0	501	910	0	725	125	433	383	0	533	52	236	723	0	0	392
0	0	0	0	0	844	187	925	0	983	0	0	0	771	370	538	423	127	0	252	511	0	0	413	441	0	714	0	0	0	0	0	0	0	0	0	0	255	0	0	818	308	807	148	190	564	256	0	0	185	238	0	840	739	0	947	0	722	0	0	249	0	0	0	0	853	595	0	0	0	253	0	0	306	0	888	876	0	725	0	21	0	471	808	926	867	204	63	421	0	0	517	0	0	0	0	0	505	105	129	0	88	0	0	920	0	915	0	0	984	764	248	763	0	0	690	282	422	996	353	677	405	264	743	0	913	0	161	0	248	758	0	878	0	779	874	54	0	828	68	0	0	254	0	727	796	918	779	0	137
0	641	0	0	0	0	612	0	0	682	0	375	849	0	0	0	0	0	0	136	23	490	0	751	957	853	875	204	0	406	347	484	0	450	142	0	838	0	0	828	717	934	0	0	0	653	617	389	405	592	0	712	916	0	0	690	834	775	578	863	0	0	0	0	271	526	171	0	0	0	611	529	774	0	0	0	0	518	0	846	0	0	939	0	265	443	0	0	928	666	539	0	808	0	0	991	0	0	0	0	18	206	0	0	0	262	0	965	1	845	894	221	962	917	0	632	0	0	0	677	369	624	831	274	0	690	672	16	21	0	938	950	171	0	0	0	985	0	0	402	0	511	756	0	878	0	0	596	0	0
118	0	25	0	0	0	608	0	0	361	0	213	891	942	393	0	326	188	814	183	508	0	0	626	605	0	0	600	0	963	0	0	232	0	2	0	0	0	618	32	661	663	0	953	0	514	0	0	0	339	0	938	641	948	0	0	0	0	0	347	994	141	323	0	0	0	0	1000	492	0	934	0	276	0	661	79	469	0	772	163	0	0	524	265	572	731	0	0	0	0	0	0	622	0	0	0	129	0	0	0	960	0	0	0	598	791	0	858	0	764	986	0	0	702	746	102	701	782	435	268	0	803	113	0	0	521	845	548	0	0	0	41	622	15	0	794	976	0	0	0	417	0	802	492	0	0	320	0	0	143
0	0	0	659	0	767	230	0	0	422	0	0	924	0	48	0	0	0	0	573	748	0	0	0	414	913	978	853	0	0	0	856	456	899	555	148	0	0	0	0	659	212	0	0	0	850	91	0	480	294	274	0	0	412	701	0	885	651	0	52	0	0	0	0	0	10	654	291	0	791	144	852	0	519	137	0	0	976	0	6	0	840	331	0	0	0	592	769	64	88	0	0	0	461	339	698	496	0	0	0	0	82	323	0	0	795	0	555	491	564	436	531	0	0	0	0	0	0	0	0	523	0	151	0	72	146	0	35	0	0	0	118	0	69	0	274	578	0	0	0	0	0	744	488	0	0	834	326	761	685
926	0	0	0	0	237	795	0	0	742	0	800	1000	0	0	0	0	7	0	588	78	0	0	376	0	0	633	249	0	0	531	519	0	0	0	0	0	0	965	0	0	349	0	0	494	0	0	903	0	429	0	0	0	788	241	0	0	488	760	0	0	352	0	0	867	0	0	0	0	944	0	779	756	0	0	0	950	168	0	0	712	0	701	0	0	495	218	0	27	0	465	638	614	0	0	686	0	626	452	322	592	335	440	0	0	0	0	643	0	524	439	400	0	377	390	0	0	216	261	0	247	549	601	886	0	0	380	964	466	243	613	0	0	648	0	0	0	147	0	778	262	0	177	0	0	727	0	117	0	0
0	0	0	0	185	614	366	0	255	0	0	90	0	0	926	215	300	399	279	0	0	0	0	0	322	748	0	44	0	979	201	618	0	0	867	0	469	0	256	513	0	705	0	0	833	0	868	0	760	0	0	894	0	0	55	884	0	117	913	60	0	163	781	272	629	0	572	0	0	561	0	424	0	0	0	383	0	0	692	0	743	82	0	809	643	93	0	0	0	675	596	0	0	978	750	0	0	98	0	0	240	0	42	0	0	843	955	0	319	93	835	0	891	400	0	0	0	913	589	964	949	0	625	0	0	885	902	202	0	0	162	930	188	604	974	231	0	133	0	0	264	507	0	0	148	0	0	0	209	80
0	919	0	679	0	0	0	0	0	0	0	17	0	0	0	491	0	129	0	834	0	277	83	919	0	716	0	872	0	887	0	810	0	0	0	0	0	0	843	0	0	0	0	0	428	0	148	0	0	42	515	326	0	0	685	0	0	0	680	902	0	236	963	664	652	0	281	0	0	0	0	358	501	0	361	551	0	992	0	0	0	0	401	0	179	0	0	977	0	930	0	0	529	872	141	0	891	0	937	471	0	0	0	917	0	549	0	0	0	0	756	70	0	451	0	0	0	0	52	0	0	883	0	0	0	0	562	0	790	726	0	0	0	155	671	0	312	631	454	0	0	0	425	0	479	208	0	0	99	548
411	0	0	0	0	0	669	0	33	0	0	0	0	612	387	416	71	908	0	561	217	538	0	223	503	93	0	0	0	102	0	133	618	0	0	0	0	0	0	441	615	404	885	0	934	268	688	819	0	655	0	617	807	0	0	353	0	0	210	0	0	0	998	202	0	0	0	698	0	0	0	146	242	0	0	0	618	282	0	0	0	401	0	0	0	959	0	918	0	0	898	686	90	629	0	0	0	0	0	636	0	90	235	881	0	0	943	900	245	877	18	0	289	147	0	0	0	0	0	693	0	0	0	0	327	699	742	0	0	0	830	861	196	205	0	0	0	434	0	743	755	387	0	36	146	0	0	294	0	677
0	539	0	0	616	501	0	159	599	152	897	0	439	0	0	0	119	964	161	142	452	0	0	549	433	959	183	0	39	306	0	0	0	87	0	375	0	948	100	0	0	251	0	0	30	0	727	699	0	0	88	476	841	0	0	599	0	719	0	0	0	166	243	640	124	0	0	595	970	0	798	0	0	0	508	0	0	643	0	0	231	146	0	0	691	0	0	0	0	0	994	0	868	781	0	840	606	635	0	0	0	0	0	0	637	479	0	0	0	592	0	42	725	76	144	0	462	60	0	340	0	0	0	399	0	0	0	0	247	217	794	91	606	738	147	0	893	0	0	463	0	997	0	10	783	0	0	0	531	0
132	727	0	0	0	671	546	0	946	205	305	0	0	0	650	0	0	0	0	0	0	0	0	86	0	148	460	0	395	0	658	458	53	646	795	789	292	522	636	790	434	479	0	0	0	761	0	0	164	857	0	0	109	859	394	0	263	0	0	0	0	0	527	0	135	623	509	274	0	894	0	710	0	212	0	267	725	0	0	833	111	0	31	446	0	0	0	737	942	0	0	420	798	0	0	0	0	0	0	366	779	738	0	0	0	177	0	857	362	0	869	0	419	373	598	0	0	571	820	463	0	98	0	972	822	0	0	0	0	0	0	0	0	652	738	0	431	0	0	0	303	615	174	308	285	539	127	571	684	0
0	0	992	147	1	0	347	0	0	0	867	0	0	383	0	685	0	0	0	0	0	960	0	0	15	105	0	109	337	0	0	319	557	117	0	0	0	910	0	104	0	0	295	0	62	251	0	0	0	700	168	455	169	169	476	264	0	0	0	0	0	0	0	0	0	0	0	16	983	125	102	317	84	645	0	390	0	0	0	0	235	474	0	0	0	573	0	376	0	435	655	825	8	0	431	993	969	616	239	290	355	0	321	484	643	873	781	755	478	0	762	0	925	259	0	279	0	167	190	0	227	0	473	0	0	0	0	0	636	807	0	719	0	691	253	0	0	470	746	529	0	922	0	0	835	398	974	0	616	339
0	0	0	0	0	913	0	0	976	898	0	0	0	0	0	208	0	502	0	0	0	0	0	0	687	963	0	414	628	285	0	0	0	23	557	0	734	0	0	0	0	0	202	631	302	0	782	0	908	0	821	428	0	0	526	0	0	65	39	0	354	388	658	422	390	800	0	0	0	655	789	0	0	0	995	410	0	0	642	445	0	295	0	496	157	0	690	0	441	0	0	0	731	941	0	0	785	0	993	0	0	0	0	0	0	378	0	428	837	935	599	661	0	174	354	38	434	449	981	451	0	67	698	0	0	0	385	24	639	346	159	187	0	912	0	0	0	794	101	181	965	618	0	234	664	0	10	669	532	933
940	0	0	0	441	183	0	406	0	0	0	544	38	163	0	0	917	0	0	676	119	484	834	750	0	0	0	0	309	0	0	0	839	0	0	778	472	69	61	0	666	0	0	300	225	952	955	0	648	0	0	949	0	386	0	69	0	41	0	0	947	93	0	7	301	316	59	0	33	0	44	0	0	608	888	173	0	0	0	599	142	0	970	0	574	0	0	104	0	0	0	622	0	0	0	0	0	0	0	0	443	82	117	484	0	0	456	0	744	0	0	552	0	141	0	0	0	870	432	0	133	0	0	0	981	35	747	0	0	0	0	746	0	0	917	380	0	0	0	575	0	0	559	401	930	0	247	579	710	0
156	0	414	870	796	989	0	0	0	964	0	0	0	0	8	1	146	0	758	0	0	214	668	924	140	0	0	0	501	0	0	682	0	282	0	0	0	142	0	0	0	0	672	0	0	764	331	204	647	0	513	812	506	0	0	257	328	0	650	0	0	0	0	0	0	0	408	787	105	980	281	793	0	0	570	0	32	0	0	0	0	34	989	775	431	549	276	797	0	0	0	0	47	762	274	740	81	0	664	0	0	0	694	0	0	0	0	0	0	881	0	0	0	259	0	0	973	0	0	649	116	0	509	0	892	0	0	0	0	0	292	0	0	694	43	0	5	0	818	621	162	0	0	911	414	239	0	561	838	0
936	989	0	0	0	0	0	0	194	464	896	559	0	0	0	633	984	342	986	841	0	373	119	0	810	17	0	372	190	0	0	0	0	739	697	751	0	651	824	0	0	742	910	0	923	0	394	0	614	0	682	889	0	0	629	766	506	423	0	0	0	157	0	439	390	455	847	983	0	0	658	0	0	258	64	717	0	162	930	0	0	308	0	0	189	0	0	256	180	0	262	0	924	660	0	328	0	0	0	502	0	122	0	0	322	0	0	739	0	0	622	526	0	0	959	661	0	0	0	0	0	278	748	0	0	0	0	0	988	0	424	0	0	0	0	284	729	0	0	0	504	695	829	0	971	546	0	562	0	0
0	569	761	750	0	0	486	0	0	0	0	0	25	0	0	215	315	440	0	224	99	169	807	0	464	643	0	956	0	0	0	450	0	0	0	0	801	0	0	0	0	349	0	0	740	819	229	793	45	369	944	0	270	0	0	0	665	0	0	0	314	0	132	0	143	148	65	0	348	199	45	27	501	0	79	0	0	0	142	643	477	576	138	576	0	0	309	365	0	0	0	0	0	379	0	0	105	902	0	639	0	112	313	673	0	0	0	184	789	7	672	0	486	0	414	0	0	93	427	875	273	0	0	0	0	0	908	385	0	0	829	0	780	0	0	789	196	0	0	828	0	476	329	0	0	819	0	0	351	0
166	0	999	0	0	348	822	0	0	158	99	549	600	619	455	0	0	178	89	676	323	0	278	0	0	0	730	0	0	0	0	0	0	0	341	0	0	0	0	193	674	665	309	654	191	173	0	571	162	486	0	246	81	0	536	0	0	918	0	108	52	387	762	91	0	0	0	679	144	723	144	59	943	0	154	0	122	854	0	622	913	96	0	0	590	594	102	0	873	765	921	309	865	0	412	923	0	0	0	0	0	782	345	0	178	0	827	0	267	914	0	0	0	0	0	741	0	216	652	532	836	0	0	0	0	0	466	889	0	0	854	0	0	528	0	816	807	0	469	828	0	0	357	179	0	231	951	236	66	0
937	0	0	0	101	0	0	230	0	330	137	0	0	0	560	0	676	0	881	0	0	997	0	0	492	923	0	678	0	276	0	0	0	637	700	636	0	0	0	200	512	0	726	853	112	0	0	178	112	0	0	0	541	0	627	0	559	755	0	0	0	0	325	622	815	345	0	338	0	148	532	0	755	864	26	998	756	0	825	143	1	0	575	870	19	872	0	783	0	112	56	328	929	319	683	0	784	64	691	0	776	235	749	0	0	803	368	0	392	0	974	542	0	0	0	917	428	0	0	0	40	610	0	0	582	0	907	0	755	11	0	0	794	205	0	592	0	132	953	0	0	806	324	0	287	904	0	795	0	0
350	536	0	502	0	828	272	528	0	0	0	0	0	340	0	0	343	0	413	0	773	0	950	713	0	0	0	931	730	0	770	305	412	0	0	757	0	0	0	832	0	0	0	990	0	0	194	973	174	639	0	947	0	0	890	0	0	0	861	518	0	601	875	0	677	496	124	492	0	0	0	0	188	119	0	0	0	528	39	719	754	92	0	764	740	96	0	0	0	140	0	576	0	0	367	374	102	0	385	500	0	343	0	0	0	0	0	229	0	0	583	0	0	293	97	143	0	859	0	0	0	0	0	734	133	182	0	704	272	282	0	0	0	0	456	727	344	559	102	772	92	405	11	63	193	0	0	905	254	0
338	0	437	603	126	336	0	493	622	505	0	0	392	892	731	0	0	0	0	91	0	0	0	469	0	0	0	0	0	0	876	0	0	0	580	0	0	761	465	0	0	709	0	810	398	838	998	278	479	0	29	0	879	24	0	926	466	0	113	0	826	0	0	0	0	0	0	0	0	0	0	623	332	929	0	424	0	0	0	0	182	974	591	0	831	160	80	431	0	775	524	0	0	0	834	0	547	657	797	141	929	0	841	0	347	135	708	0	575	368	0	172	832	0	0	248	115	0	489	0	0	0	865	670	965	0	28	812	877	0	337	0	0	0	0	453	930	0	0	0	971	0	0	894	0	443	0	0	0	0
775	0	0	0	0	0	0	610	747	405	730	819	0	0	345	219	0	994	576	0	300	0	0	181	0	0	287	204	828	993	969	0	360	0	0	0	0	0	261	0	637	847	171	0	415	0	683	0	0	0	0	0	0	0	399	421	80	78	692	583	255	0	69	0	0	760	463	0	733	0	0	100	791	173	0	0	163	784	620	602	622	49	0	0	448	0	0	218	0	0	505	0	0	664	49	608	0	0	0	772	0	204	533	0	588	758	0	0	0	0	866	0	827	809	0	904	635	342	0	317	915	0	0	0	594	311	0	587	0	362	72	336	0	0	0	784	354	0	0	307	0	152	0	39	0	14	0	657	0	930
837	410	8	0	0	840	440	583	476	300	0	0	0	0	586	0	0	0	0	0	0	0	44	816	93	130	0	392	0	179	751	0	0	0	0	0	886	0	0	415	835	289	175	862	0	26	0	0	0	0	531	205	945	0	831	0	610	0	693	33	425	504	525	0	0	48	857	0	204	0	0	0	188	581	201	217	0	0	122	300	0	0	0	750	0	813	147	0	0	0	425	282	0	967	391	0	826	0	0	0	998	0	0	939	0	166	811	389	0	0	419	780	396	131	0	646	453	904	637	0	0	371	941	0	0	631	0	233	221	525	0	497	0	585	0	0	553	113	0	0	169	0	28	0	116	134	0	986	652	540
633	0	184	0	0	262	13	783	807	0	141	0	0	221	732	455	0	627	276	798	426	0	0	0	0	0	0	0	0	0	345	682	0	711	859	274	503	380	851	300	59	0	0	110	0	0	0	0	0	0	0	0	0	0	701	0	124	547	257	680	0	0	0	354	925	0	0	898	0	685	0	0	444	701	112	260	0	726	205	523	0	0	0	920	991	107	0	998	432	0	0	0	183	0	816	124	0	749	0	0	756	0	0	0	497	921	0	0	962	0	0	944	551	594	706	246	0	489	0	197	0	0	0	953	0	950	0	0	810	143	0	0	0	0	0	0	64	0	784	471	410	786	0	326	841	0	0	0	0	290
0	0	0	819	0	0	0	181	0	781	115	0	403	0	0	640	0	435	0	641	0	0	0	0	0	0	0	0	50	413	759	0	0	376	232	0	794	0	166	669	667	110	0	119	548	0	148	303	0	497	523	0	0	796	0	953	0	0	0	0	0	349	0	0	0	888	22	0	0	105	0	322	620	912	253	104	0	0	0	0	993	0	0	0	0	488	0	629	0	0	0	505	293	0	902	631	92	0	42	649	947	413	265	0	727	0	0	0	0	348	266	740	801	0	717	923	67	822	0	0	818	130	39	0	0	0	956	0	0	0	0	260	0	18	351	750	0	0	0	835	361	748	0	0	367	931	970	735	384	0
0	403	0	643	0	0	315	410	812	0	0	0	875	905	121	0	24	444	146	94	855	0	0	0	935	0	0	986	201	0	670	0	0	0	84	782	0	0	443	0	659	0	0	643	0	0	66	0	0	0	964	0	0	0	742	0	0	0	161	0	2	0	585	0	932	0	94	378	786	55	683	229	0	0	0	261	319	0	0	383	754	0	549	321	670	787	715	0	948	0	0	0	863	0	51	249	133	758	0	986	237	0	143	0	42	0	0	0	604	0	743	0	0	0	464	666	460	0	0	0	631	780	651	0	640	903	0	326	0	534	215	129	625	306	567	0	688	0	609	0	0	0	469	0	580	253	947	0	0	0
678	314	755	123	0	0	587	721	0	261	0	712	526	0	463	0	0	0	0	835	318	330	704	0	733	446	886	0	0	0	0	0	861	0	732	336	0	602	107	570	201	0	0	683	0	959	0	0	18	317	0	473	0	529	681	928	20	0	0	0	280	877	0	0	308	0	943	0	0	967	762	411	617	457	929	488	314	0	0	776	0	590	0	0	0	615	793	0	0	349	710	0	0	0	0	0	0	357	0	639	938	701	970	0	0	226	0	187	0	0	0	477	265	0	96	0	0	703	176	566	53	0	257	0	0	882	0	0	58	0	0	0	0	0	0	904	0	0	553	0	0	0	946	0	776	635	641	0	0	0
357	0	0	0	0	0	0	0	367	920	0	301	0	0	0	0	0	0	249	0	0	238	116	895	0	48	0	455	0	387	0	885	0	855	0	332	0	0	0	0	990	0	0	0	0	476	105	0	786	0	0	0	0	0	107	0	0	10	263	0	537	0	793	0	594	0	0	0	341	493	0	0	0	342	0	48	757	0	243	0	0	0	0	0	0	391	0	0	536	994	0	0	0	756	116	0	0	30	0	750	551	0	0	0	817	0	246	0	0	553	0	0	0	457	0	176	0	369	976	0	302	869	868	0	349	641	0	0	400	0	0	878	0	0	696	969	0	139	0	612	0	0	577	0	0	42	813	546	0	166
0	0	0	80	142	154	0	0	417	398	19	378	295	0	0	577	0	16	242	0	941	10	0	793	788	0	350	88	588	692	701	379	0	0	0	0	0	0	978	588	258	819	0	217	0	536	0	614	138	961	842	517	802	0	114	326	0	596	573	0	635	98	631	169	366	261	479	0	0	189	0	0	369	99	0	0	265	876	810	183	344	458	789	82	383	815	0	274	890	678	0	0	0	0	990	211	204	0	596	470	0	437	0	814	0	0	0	0	1	0	0	31	0	418	0	940	581	828	96	0	0	0	296	639	706	204	441	3	891	0	628	234	413	629	965	0	0	0	0	0	0	0	0	0	0	0	0	0	0	850
0	124	516	637	460	162	589	0	0	0	735	128	0	18	976	0	468	807	789	0	491	885	0	520	0	0	319	581	853	29	0	0	0	0	0	0	15	883	0	0	0	0	750	232	0	6	225	872	815	0	396	136	880	0	739	969	650	591	0	567	204	789	0	922	0	578	0	0	889	0	0	756	0	0	914	895	0	0	480	0	0	818	0	0	762	0	0	0	847	433	0	317	816	0	297	980	510	0	406	726	0	0	814	862	473	827	0	969	0	709	187	0	0	0	466	0	0	0	0	0	0	207	539	0	706	884	435	0	0	276	0	0	772	0	0	133	167	0	0	0	0	0	0	0	0	0	129	957	0	0
0	0	0	62	0	586	0	0	0	0	423	0	0	0	610	574	537	0	266	871	110	983	568	960	570	0	57	0	0	746	434	0	0	813	0	0	0	601	820	0	0	0	0	972	683	85	0	0	0	891	0	0	0	0	741	825	153	41	9	0	0	843	373	0	28	381	0	0	528	0	0	941	0	863	0	0	408	552	0	934	730	0	107	0	567	0	216	330	0	568	0	0	42	0	0	85	0	33	0	0	212	901	421	0	0	661	0	0	0	346	0	0	956	0	0	802	140	0	241	0	0	752	0	0	220	0	0	0	0	0	0	0	0	0	0	287	428	731	806	0	984	0	104	0	771	630	371	0	902	649
0	340	0	0	0	510	0	217	0	52	0	0	676	0	271	0	0	103	800	0	102	335	0	117	0	0	990	0	0	0	806	310	0	584	0	0	400	0	152	928	0	0	133	243	141	40	731	583	55	0	0	0	565	0	0	0	253	222	638	0	0	0	0	733	302	0	0	461	0	0	0	0	268	804	0	195	0	463	0	0	0	0	0	0	0	359	440	268	399	0	134	0	610	0	501	112	0	240	0	0	353	0	0	0	0	7	0	456	890	992	0	0	404	230	0	0	322	25	0	0	0	436	949	0	769	25	585	0	0	561	809	22	0	0	0	0	0	0	0	0	0	659	0	922	0	0	108	0	0	814
0	44	0	0	45	0	0	0	0	690	783	0	0	0	0	763	892	0	0	0	0	0	100	0	586	772	0	35	217	606	0	0	847	286	103	0	185	0	883	159	567	244	236	494	0	619	935	266	0	209	52	534	542	499	0	76	892	0	133	0	707	0	675	469	0	0	0	0	783	0	0	444	893	688	0	430	0	0	0	196	562	0	0	0	0	0	158	717	0	759	586	828	142	49	0	0	395	0	491	682	467	610	760	0	430	340	791	655	0	545	0	862	0	306	881	0	513	0	0	0	0	0	0	311	0	0	0	444	278	299	0	0	0	761	327	0	0	212	0	0	310	306	0	104	248	0	965	546	167	0
0	0	0	0	887	868	250	0	535	0	0	0	0	0	599	0	0	450	0	99	0	654	0	827	536	830	0	0	8	399	0	0	25	618	166	805	0	425	435	0	0	437	823	738	0	0	273	946	0	677	975	0	0	0	929	0	36	0	0	631	572	242	168	0	0	0	0	435	0	517	0	956	768	0	0	252	653	0	0	150	635	198	252	137	13	0	0	0	0	0	0	0	538	20	0	477	0	630	993	789	0	171	0	171	669	0	9	534	0	0	0	884	0	0	0	0	897	473	737	0	237	265	0	60	443	880	461	981	0	0	0	221	646	112	0	555	0	0	0	0	643	0	0	0	752	0	572	945	0	329
0	236	755	611	60	0	0	0	285	0	0	908	723	980	0	615	0	855	821	189	110	0	795	23	0	362	0	445	0	177	38	730	0	0	0	0	440	0	730	931	721	947	789	887	749	0	0	619	0	0	592	0	55	0	24	586	787	0	684	773	378	0	0	465	0	976	0	626	288	285	537	338	383	133	68	658	0	549	0	843	750	99	157	0	0	0	0	0	0	741	0	641	362	260	519	895	757	0	532	0	912	953	0	964	672	0	677	954	113	589	845	0	0	470	809	75	0	0	0	0	856	642	0	391	0	189	0	0	574	981	0	0	435	285	0	0	0	997	649	0	454	559	0	0	935	0	609	0	573	681
0	686	674	958	45	0	0	0	0	0	0	519	0	0	0	0	34	736	0	0	0	569	210	271	0	525	0	0	0	291	393	0	0	0	639	307	0	0	458	301	0	0	438	0	0	707	0	10	0	170	692	105	0	0	236	895	0	275	787	411	0	362	578	0	0	0	335	220	0	0	0	0	895	777	384	0	0	199	516	732	774	0	0	600	0	37	800	0	803	0	0	287	164	889	0	0	0	0	0	0	405	0	0	645	0	28	149	0	295	0	0	0	0	671	0	580	0	0	497	391	115	0	689	0	0	0	91	681	0	0	229	0	595	0	813	0	0	674	472	0	0	317	0	758	101	790	3	69	878	686
617	0	0	0	507	0	0	841	571	0	746	415	531	484	964	0	158	4	537	0	75	0	0	641	899	0	327	0	750	183	0	580	786	0	0	348	466	634	197	0	0	0	814	0	0	0	256	0	0	301	864	684	446	951	797	0	1	671	0	0	0	0	298	738	478	0	567	0	0	491	634	71	667	315	215	770	943	428	0	360	0	661	0	796	706	493	909	0	65	263	663	0	0	0	0	0	538	0	0	0	181	747	4	0	0	598	747	0	689	0	917	550	973	0	825	568	0	0	0	5	845	0	913	0	445	360	0	447	48	718	0	33	47	0	433	788	991	667	93	47	991	384	481	611	214	0	0	963	18	177
0	620	48	68	0	257	0	0	448	0	162	913	0	0	244	0	0	929	0	673	0	0	820	0	500	0	155	0	0	0	0	674	0	49	918	0	652	233	977	884	411	786	0	270	0	0	0	0	0	955	0	568	0	0	0	0	0	0	534	0	0	0	867	0	694	627	898	821	635	0	0	0	527	0	306	536	0	161	189	362	0	0	292	0	897	433	520	260	0	156	0	0	0	0	123	0	0	941	190	0	50	0	0	572	0	0	0	0	0	764	586	0	750	960	0	241	0	17	0	0	33	0	0	813	0	0	114	645	0	0	0	0	994	0	0	291	0	0	59	0	0	109	0	0	0	0	0	789	605	614
999	747	0	759	0	0	0	557	0	0	0	942	0	0	0	0	0	64	418	0	964	0	0	0	0	0	7	0	501	343	225	0	77	0	0	546	677	74	0	0	652	633	238	0	0	90	293	979	0	0	0	0	0	0	0	365	220	0	606	0	0	985	478	517	104	0	0	0	0	915	201	0	0	0	0	0	349	735	984	0	0	616	633	0	0	0	0	832	0	0	770	0	662	746	109	0	398	0	382	244	135	871	909	0	957	0	976	0	724	0	0	288	0	0	710	685	0	811	212	0	819	0	858	0	0	0	49	345	0	0	979	0	0	64	0	868	106	805	619	561	633	47	373	0	0	0	0	0	0	307
956	785	296	990	329	437	756	175	0	0	0	0	475	0	419	553	644	0	0	124	0	953	909	0	0	712	0	0	0	208	0	729	0	296	371	629	49	0	0	0	893	650	998	0	895	654	626	0	0	0	487	67	243	77	0	212	0	0	0	814	932	0	202	0	0	0	0	0	0	0	694	0	0	0	0	0	0	420	0	750	0	0	942	0	916	709	148	0	466	0	549	686	660	321	13	0	0	84	0	0	0	0	973	253	0	59	690	0	943	387	0	419	130	870	0	0	580	936	0	586	0	0	890	881	0	32	586	0	0	0	0	0	0	182	463	195	0	517	0	46	0	521	481	901	496	397	274	0	669	769
934	833	464	0	0	0	0	668	0	0	778	174	0	688	667	0	0	41	0	496	901	0	273	0	230	0	813	0	47	32	0	0	0	0	0	0	0	0	0	0	0	0	0	971	0	0	580	797	342	899	0	708	0	804	0	0	549	717	0	0	891	0	637	937	0	0	0	392	0	0	0	954	0	840	406	0	0	826	692	0	0	421	0	548	0	0	0	0	0	365	0	0	375	919	0	786	0	0	837	0	777	0	0	267	0	0	947	0	375	0	94	324	0	0	0	0	0	208	0	435	0	957	0	644	914	749	0	0	682	0	325	118	0	0	0	0	0	219	309	954	0	209	0	0	589	712	0	994	444	0
333	0	0	834	0	0	0	0	0	0	769	134	497	0	0	0	0	0	0	453	0	0	0	0	969	0	0	0	868	0	702	0	0	139	189	0	0	0	0	0	0	0	0	0	0	424	181	608	464	0	0	0	429	667	983	832	447	0	63	350	914	810	0	503	351	640	50	331	0	373	0	0	449	924	0	0	0	0	879	0	290	665	900	302	638	0	0	0	0	670	0	466	0	354	0	457	0	661	0	0	0	407	554	0	0	0	362	0	0	0	973	0	481	967	516	0	435	225	700	0	0	992	0	527	819	549	199	0	551	0	222	701	117	0	414	0	562	54	0	0	0	52	462	701	0	791	152	0	602	0
0	0	997	0	0	0	0	256	493	278	628	752	0	937	0	228	0	166	252	0	0	0	502	757	0	249	784	0	0	353	192	943	585	0	333	0	0	807	0	198	779	210	848	0	618	213	0	390	0	0	0	0	0	629	0	0	0	0	0	0	0	0	0	0	357	0	0	0	0	0	504	385	282	227	0	572	0	0	0	623	111	0	0	332	402	378	0	547	792	915	0	0	0	624	0	0	0	393	0	358	0	273	0	0	0	139	829	0	77	0	0	263	0	708	0	0	0	670	517	0	0	0	0	0	356	0	0	758	108	0	0	809	0	723	599	0	481	0	792	0	0	0	0	21	0	681	0	0	0	572
249	107	1000	0	880	345	0	0	313	0	219	0	472	0	646	659	917	683	597	601	293	533	0	0	0	372	100	0	0	0	1	0	0	0	470	0	0	0	52	64	978	462	0	0	0	505	0	0	0	651	522	0	0	0	72	692	0	0	0	0	727	0	471	38	123	826	529	0	0	0	0	358	0	0	115	856	0	809	760	0	736	618	0	0	0	0	0	586	0	729	607	0	986	310	31	349	551	0	0	674	838	687	958	820	0	736	306	887	0	934	105	0	807	380	42	930	0	599	0	185	0	318	678	0	0	348	842	489	229	0	0	345	641	969	862	0	0	839	0	381	0	0	0	0	457	209	468	0	579	0
800	589	323	440	0	489	0	163	491	52	0	0	43	507	867	1	163	106	0	0	216	697	0	114	702	124	0	438	0	0	925	21	0	0	0	121	0	0	343	0	778	0	0	0	0	113	112	0	0	0	106	992	575	0	0	0	633	0	9	0	958	184	260	959	468	594	0	0	0	0	316	673	300	0	584	578	626	0	0	0	780	133	0	749	652	0	0	337	951	940	683	0	0	129	762	0	0	403	485	388	0	603	0	0	810	19	0	0	842	48	0	34	0	0	934	932	0	78	0	197	0	0	460	387	447	681	0	0	0	0	688	0	731	0	0	437	339	628	0	17	673	32	0	0	606	0	0	0	200	0
890	458	0	7	0	251	0	0	0	852	769	938	323	0	0	518	0	770	33	0	400	0	709	212	249	0	193	0	0	0	728	0	50	90	224	820	362	0	739	0	548	0	0	643	204	0	0	0	0	0	0	896	930	602	95	0	0	561	186	0	0	826	0	853	598	188	0	721	0	0	768	0	0	310	992	211	0	963	111	702	0	0	930	654	0	0	0	801	49	886	109	835	0	557	511	0	0	269	0	137	85	0	0	205	837	633	0	0	0	0	0	0	0	0	845	638	507	105	885	0	0	557	0	0	0	660	0	0	0	0	0	0	726	134	713	399	945	377	736	543	557	203	0	0	0	209	0	367	0	632
0	832	653	0	0	793	0	997	619	0	0	0	0	0	328	0	0	0	167	29	0	0	0	502	0	74	0	804	912	970	943	923	0	0	0	0	0	0	0	550	182	0	680	0	0	118	0	729	210	0	0	604	0	0	0	7	0	0	359	276	681	93	15	0	0	0	0	0	0	966	48	152	0	0	262	0	0	75	945	64	841	82	229	827	0	624	35	805	860	643	964	320	0	0	849	0	622	0	0	544	848	0	998	0	751	499	0	857	413	0	0	626	26	244	364	0	0	329	174	0	0	0	0	0	0	0	908	0	788	619	0	218	0	306	0	610	0	739	0	838	263	0	0	40	627	0	767	0	950	609
152	853	229	858	627	746	0	0	0	670	400	0	713	0	0	0	487	0	0	0	0	0	0	0	0	0	0	578	261	0	717	0	0	0	832	0	0	0	386	0	114	0	0	427	201	999	665	0	0	843	0	0	213	0	881	380	666	0	536	0	661	0	0	633	0	0	0	215	793	0	0	0	0	0	754	0	628	0	0	948	0	771	0	852	0	0	32	956	0	0	0	0	0	0	0	567	432	0	963	328	514	0	93	0	302	737	507	478	902	0	0	316	0	0	563	976	0	484	379	0	0	130	680	0	0	0	50	0	580	0	983	0	987	0	0	0	0	290	0	395	344	989	426	0	0	605	392	467	0	0
0	0	38	382	472	0	0	0	0	700	976	337	0	0	133	749	0	0	37	983	200	536	299	0	0	0	469	0	975	0	0	0	328	0	184	313	515	106	0	208	226	0	551	0	0	0	381	0	0	0	0	198	0	0	0	0	0	56	690	387	0	0	396	275	0	0	59	0	951	0	0	974	0	135	0	0	0	0	552	740	0	0	0	639	962	295	0	0	0	164	598	0	962	38	671	508	0	907	318	882	0	899	244	0	733	959	906	0	366	122	819	215	855	0	0	0	286	0	0	313	457	302	0	0	211	0	0	489	0	0	167	0	227	0	440	0	283	223	0	664	314	0	694	135	0	0	385	459	0	0
0	0	0	52	261	0	534	0	51	673	0	0	885	48	0	636	611	958	178	0	0	611	258	0	0	70	837	0	279	340	989	0	0	0	0	0	0	0	0	754	0	0	0	0	0	0	0	0	168	0	0	0	0	902	0	0	843	462	0	754	0	832	582	99	752	796	0	0	634	864	118	139	805	310	547	254	668	512	0	0	0	420	0	586	343	0	69	896	0	504	14	0	0	0	680	0	283	0	130	822	933	0	165	357	0	0	513	0	883	976	0	0	604	0	865	0	683	199	0	0	0	381	0	0	0	0	0	0	0	559	393	719	309	0	0	123	528	0	473	810	424	636	876	749	278	323	88	0	784	154
0	854	231	0	546	184	60	0	190	538	764	0	0	0	243	191	0	614	32	348	357	0	492	0	981	0	337	578	343	0	87	0	650	414	0	75	0	0	501	0	632	0	0	0	0	804	0	96	764	0	702	16	0	0	0	0	822	909	247	25	0	0	0	0	314	436	0	297	0	0	488	0	0	241	279	0	0	338	423	0	882	0	57	84	79	0	0	0	583	0	0	763	0	901	0	0	605	0	0	904	830	615	0	0	745	853	0	670	528	818	330	0	0	0	0	211	141	0	458	902	0	0	0	727	0	0	0	0	0	962	0	999	741	0	0	335	695	0	300	651	0	444	338	0	968	0	663	0	199	644
0	0	0	776	0	0	0	433	148	0	0	978	0	0	541	131	495	0	0	0	455	985	0	451	0	0	0	513	0	397	87	0	869	621	243	0	0	0	468	651	426	560	997	0	0	0	45	0	0	21	281	0	411	708	147	0	0	657	0	926	870	0	424	0	0	0	515	0	0	778	179	975	149	0	0	758	0	947	0	965	0	600	0	0	0	117	0	0	0	0	196	0	157	222	0	0	0	0	0	83	0	0	90	322	0	0	397	0	523	0	0	76	0	301	0	727	0	0	905	0	0	382	975	361	0	0	0	0	0	0	0	665	0	0	95	125	0	162	0	604	991	528	0	899	552	711	0	930	0	781
0	731	912	0	953	96	17	0	0	211	901	0	0	0	0	516	534	0	823	0	0	0	435	0	0	0	0	0	0	0	0	0	0	704	306	425	622	0	0	721	314	998	0	887	17	505	0	130	0	0	33	215	0	232	122	0	0	0	0	729	195	516	302	443	0	0	863	473	0	0	489	0	0	762	0	913	0	218	208	0	0	0	722	221	0	759	170	0	0	222	34	570	0	908	418	553	0	0	132	0	89	0	60	0	955	51	132	669	0	0	0	113	740	0	121	150	0	0	971	986	628	312	31	451	104	0	0	0	0	521	0	12	0	238	0	0	0	0	270	0	0	0	609	617	859	982	185	0	865	522
612	402	924	0	0	0	122	563	0	485	0	0	0	34	0	222	0	266	264	460	496	923	825	0	0	276	905	0	0	569	447	0	0	309	0	454	224	609	0	429	108	428	401	205	124	759	372	0	0	666	667	0	0	0	674	880	0	20	0	695	70	21	0	416	365	0	735	0	0	446	111	46	887	0	922	0	0	893	313	279	398	990	622	986	285	392	0	158	643	0	0	0	0	43	325	0	0	0	0	0	0	446	0	821	0	0	62	365	0	0	0	392	0	672	469	0	614	412	583	259	0	0	615	0	0	0	0	293	175	651	0	565	778	595	0	0	0	0	142	0	588	82	0	0	0	310	0	444	0	2
0	0	536	874	290	810	0	13	0	621	0	527	0	99	416	759	0	0	0	0	0	0	0	622	0	0	0	862	215	320	964	0	8	0	0	637	515	0	0	978	0	427	0	0	0	0	0	348	342	0	0	356	0	150	320	0	86	260	350	0	0	849	0	654	0	0	288	0	155	0	598	405	0	623	107	0	922	0	0	458	641	0	132	816	0	0	141	0	282	0	9	0	370	0	0	674	0	119	971	0	0	0	0	0	0	963	0	221	233	341	93	108	0	502	0	312	0	0	767	372	963	0	556	189	93	793	0	0	0	278	87	864	556	0	0	878	296	877	0	0	720	0	0	0	0	251	382	280	940	277
0	0	850	0	0	178	265	222	0	0	798	0	0	0	476	0	97	0	70	0	861	868	0	249	0	468	193	595	368	0	0	36	139	0	7	0	978	376	454	0	677	0	579	318	0	642	912	841	336	0	672	0	15	0	0	167	26	0	0	909	0	123	914	447	0	717	866	656	484	0	0	36	0	0	0	447	230	282	130	605	489	0	0	0	889	0	0	971	0	843	553	317	508	484	0	320	581	948	316	85	117	108	0	0	0	0	704	434	451	0	911	0	0	858	658	0	0	0	182	145	784	0	956	0	0	863	0	699	0	170	953	704	0	161	249	0	401	173	99	374	163	0	99	0	0	0	0	0	0	890
0	0	0	319	0	0	0	0	599	683	0	936	0	0	402	0	0	0	0	0	0	0	0	409	583	0	0	0	552	565	0	295	0	0	0	0	230	296	485	0	244	826	18	112	22	343	0	0	0	40	0	0	0	100	870	315	0	0	0	752	143	0	0	0	370	265	428	431	0	831	529	0	0	0	0	447	0	0	0	0	0	0	293	0	99	0	186	132	0	965	0	944	0	0	108	324	0	4	0	0	590	705	325	0	0	0	0	667	0	0	918	123	0	263	700	722	0	237	0	0	0	184	847	38	0	53	0	0	896	97	0	0	0	905	0	0	93	0	201	0	0	0	0	646	0	0	0	0	246	920
0	514	948	0	568	0	0	170	464	393	0	987	0	54	0	782	632	633	437	0	729	504	965	153	416	0	0	966	527	520	0	869	923	700	78	0	0	840	850	0	323	965	636	0	627	421	0	846	0	369	0	631	0	679	0	0	0	414	0	599	426	0	0	960	229	0	0	87	10	701	700	0	0	539	36	0	0	0	0	930	332	0	649	733	588	779	0	0	780	0	888	896	542	0	62	847	0	0	0	0	0	909	0	0	0	682	0	0	964	584	194	34	310	0	0	86	0	0	0	33	19	0	0	0	0	86	435	134	723	0	606	0	0	930	0	0	78	0	806	0	234	484	0	0	959	0	892	825	535	0
879	973	520	474	0	161	468	0	383	0	142	0	312	497	0	516	681	0	0	0	0	222	442	0	934	464	0	128	0	0	839	0	40	0	0	0	0	253	0	593	374	0	795	0	0	0	108	225	719	721	995	914	0	168	397	0	211	0	418	0	203	0	780	0	0	238	0	628	420	306	0	0	0	0	0	0	0	0	901	0	383	244	957	885	249	720	203	0	672	642	0	140	414	998	0	769	0	843	920	211	0	0	42	325	680	0	919	683	0	894	0	698	0	297	192	0	498	138	0	0	0	722	169	0	861	0	378	0	955	433	233	541	0	783	0	843	0	0	537	630	832	0	0	21	0	0	0	135	0	852
0	882	207	692	582	0	216	488	3	0	0	0	553	0	0	0	51	847	0	322	495	0	0	496	140	895	0	0	0	960	630	984	361	0	0	674	0	85	202	0	685	0	750	919	0	0	0	423	0	0	212	118	345	0	342	0	0	568	401	560	0	0	0	845	0	496	0	854	17	0	0	1	201	232	0	623	528	170	0	496	774	0	0	0	0	0	944	0	79	828	0	506	611	97	73	0	401	0	0	0	768	0	648	512	0	796	695	487	0	557	0	0	0	846	693	0	0	100	0	0	348	0	0	0	276	0	0	884	34	0	0	5	0	0	0	0	0	0	786	0	944	189	520	0	610	629	0	0	281	703
0	0	470	0	221	0	0	191	0	126	0	227	142	0	0	0	0	353	665	0	147	200	0	0	252	44	0	19	0	0	191	937	0	37	448	0	0	0	911	0	0	642	0	0	0	276	0	411	0	385	0	858	324	0	0	0	311	0	720	500	868	736	892	201	48	45	285	0	0	365	0	0	0	638	764	0	0	903	978	311	933	0	0	0	0	0	0	804	0	941	786	563	0	0	0	0	0	0	0	311	627	682	0	0	743	948	0	355	0	577	0	0	351	843	0	723	864	334	0	0	615	0	738	0	0	519	243	0	0	525	0	0	727	0	0	0	0	0	352	0	0	882	0	0	0	877	0	0	0	328
338	680	0	414	299	0	0	662	548	0	108	993	285	865	87	0	0	470	0	886	151	914	962	551	0	0	0	85	0	0	167	0	0	333	562	16	0	519	0	0	0	0	492	0	612	0	396	680	0	270	0	5	616	845	353	551	580	0	696	274	0	327	0	31	962	519	0	916	0	1	976	0	0	0	0	0	686	947	0	0	298	897	129	394	27	222	0	432	0	0	0	821	95	0	0	73	345	0	722	135	439	0	0	0	0	178	0	197	967	0	970	0	377	880	0	0	0	0	0	0	0	691	0	0	0	0	200	0	0	0	814	848	0	0	0	834	0	0	0	0	713	0	0	0	72	604	354	843	778	0
0	865	313	679	176	924	0	0	546	0	716	802	966	0	0	767	0	630	648	539	0	0	0	0	0	411	0	142	609	0	778	811	0	520	0	0	76	0	0	371	483	0	609	0	0	179	756	0	3	0	883	0	0	501	0	0	0	0	670	744	32	813	352	845	0	943	0	0	446	0	959	0	904	0	911	498	0	0	0	886	0	50	378	0	910	0	0	0	0	347	0	143	336	0	124	746	0	0	276	930	359	0	1000	106	880	0	598	0	0	399	517	0	0	0	259	0	922	166	0	0	0	0	0	0	321	0	0	0	0	0	0	0	640	208	566	0	561	0	191	496	0	133	484	492	0	751	0	0	0	0
693	0	781	0	0	0	168	0	0	0	0	387	509	406	637	0	0	36	605	0	0	0	0	0	653	0	166	596	172	0	870	0	0	0	0	608	0	0	0	0	0	911	638	0	0	0	624	413	328	0	0	533	808	621	455	0	111	0	0	0	299	340	0	0	0	0	822	995	0	326	395	0	0	874	0	128	0	495	0	180	780	0	0	0	721	0	645	852	0	642	356	131	803	850	0	528	186	0	0	0	0	227	0	0	0	481	649	0	184	0	0	0	0	0	0	512	0	813	21	0	0	436	0	911	0	257	0	0	839	559	0	0	484	0	0	593	542	0	670	0	0	0	0	0	282	636	39	896	0	0
89	0	192	221	0	656	0	660	0	671	550	866	0	556	0	0	249	0	0	23	0	0	0	184	0	0	486	61	148	0	915	0	373	0	779	610	0	0	0	0	684	0	430	678	0	499	480	331	738	0	0	0	173	255	908	352	0	325	633	175	0	416	0	0	341	812	0	0	0	555	834	0	0	453	0	0	667	0	0	0	0	25	969	711	534	0	0	0	313	0	0	0	9	0	933	299	631	0	0	0	0	614	997	0	0	339	0	894	0	0	86	527	790	0	904	0	854	0	0	999	139	60	0	0	976	0	0	0	341	0	0	812	604	0	275	0	0	352	804	640	0	0	0	0	0	6	0	0	0	438
0	407	703	0	0	692	0	539	5	0	0	0	116	367	0	0	961	0	911	0	404	0	0	103	546	639	0	183	0	945	0	840	0	0	0	0	0	58	759	624	0	362	0	809	0	468	297	0	630	0	0	729	0	0	0	668	103	372	0	177	505	37	0	0	805	442	0	378	0	7	0	252	0	910	541	0	0	0	392	868	315	174	0	0	0	0	0	381	0	469	0	0	926	0	0	199	0	0	676	0	352	653	0	0	0	615	615	718	801	0	0	916	0	429	736	795	0	0	386	957	0	36	707	819	0	0	0	917	0	795	0	519	0	0	766	255	0	502	771	0	892	759	488	0	255	0	112	136	153	0
277	791	800	0	0	0	838	0	999	583	699	0	0	0	384	0	0	0	892	868	41	0	0	0	645	313	0	399	943	626	0	534	66	0	429	480	761	0	0	18	426	300	623	0	0	0	586	0	0	0	0	0	0	0	0	828	0	0	0	0	0	0	530	901	209	0	87	468	143	0	0	168	368	0	0	0	488	0	0	41	0	947	614	188	987	692	0	0	648	205	274	9	0	0	0	0	1	0	654	0	880	0	101	0	0	92	0	391	0	0	396	0	0	294	0	0	0	571	101	0	820	571	214	0	854	0	671	769	0	889	0	422	0	662	0	447	0	648	19	0	0	0	87	0	462	302	282	796	903	375
0	0	0	968	0	0	634	0	201	0	1	0	0	0	0	523	0	404	927	0	713	0	0	0	0	0	0	85	641	183	0	545	0	0	721	0	537	625	617	0	442	0	525	0	0	0	0	0	277	527	391	454	0	579	0	0	772	0	894	82	0	0	0	0	0	59	0	894	48	0	186	999	101	252	367	531	0	0	0	0	0	0	962	241	0	229	324	91	0	691	0	82	0	101	0	0	0	0	511	0	643	0	413	0	350	0	646	47	790	0	0	0	556	0	0	423	350	0	454	943	913	416	0	176	0	0	0	0	0	363	0	637	967	0	13	0	0	0	791	0	0	77	252	0	0	0	0	182	426	451
246	0	0	690	308	0	0	0	110	0	0	0	0	59	0	912	159	709	0	0	0	0	725	490	137	0	444	150	816	901	0	0	0	0	573	732	22	0	999	68	981	157	550	0	4	203	0	798	0	978	753	723	0	0	676	803	736	749	488	710	639	9	728	0	535	0	277	0	22	785	876	449	721	747	897	178	497	882	202	75	198	475	0	332	0	857	0	395	867	0	0	0	407	0	394	932	0	744	0	757	433	0	181	976	0	0	565	273	0	669	536	844	0	959	806	0	0	756	751	89	358	0	0	0	0	0	0	0	0	0	582	0	0	507	364	827	0	0	0	0	250	27	926	0	235	840	253	315	0	0
0	0	447	0	288	0	25	0	0	0	509	209	575	997	0	887	679	0	0	0	0	0	0	673	564	0	0	0	0	714	739	0	0	0	864	0	0	0	0	247	0	434	0	0	665	741	785	0	804	845	0	0	670	219	0	0	628	0	921	0	858	0	470	0	0	150	703	261	0	560	728	0	0	0	855	0	0	520	0	0	888	0	603	368	0	270	937	964	819	0	0	0	0	18	0	0	726	76	0	0	0	222	0	0	0	0	450	0	383	0	0	0	792	0	0	797	266	0	0	297	867	689	347	0	297	0	0	0	3	0	0	127	0	862	834	362	0	610	0	801	0	0	374	0	0	159	161	18	0	604
250	0	108	779	143	904	0	802	927	205	0	281	476	0	739	264	0	309	62	531	147	0	0	0	0	989	926	342	0	807	675	0	0	0	0	0	509	0	0	984	403	0	44	0	444	62	0	0	474	851	0	0	0	687	0	0	0	859	145	453	0	996	0	0	0	694	430	973	0	0	133	153	0	226	0	771	75	0	0	46	0	550	0	955	2	913	558	332	679	67	370	0	0	0	0	0	0	204	808	760	775	316	0	30	0	0	942	955	0	0	182	778	0	0	0	0	994	0	0	0	0	861	882	663	462	0	0	0	0	0	0	0	528	0	952	189	564	73	247	0	0	0	0	0	513	0	60	0	0	0
0	0	953	0	44	922	172	463	911	242	0	484	97	998	682	0	0	0	327	0	0	0	663	0	0	0	583	245	253	0	273	751	0	0	0	0	0	295	0	0	299	0	959	0	268	5	0	834	0	230	0	478	7	0	855	406	330	914	69	0	10	0	0	0	675	507	0	281	577	0	0	0	177	925	0	0	572	259	258	525	0	0	0	874	818	108	0	988	386	541	0	947	984	64	0	0	658	0	271	872	270	0	456	0	0	0	722	427	259	0	0	0	921	0	937	782	897	0	0	0	910	0	627	594	429	0	721	862	0	325	187	409	884	0	924	708	538	730	0	0	0	0	0	0	695	762	937	0	0	13
0	0	0	76	0	0	43	0	0	0	0	945	0	0	563	555	285	428	0	105	0	0	0	0	0	154	0	0	0	7	367	0	0	0	0	0	0	0	0	0	0	0	560	0	180	730	0	621	0	577	0	502	207	228	0	0	941	0	371	930	559	0	0	0	0	0	969	257	0	0	0	96	756	716	48	0	770	0	0	535	0	0	0	196	671	735	58	0	584	0	538	672	0	0	0	0	0	839	0	0	0	0	667	604	634	0	0	34	0	0	938	0	0	744	0	0	0	0	0	0	18	885	0	0	0	0	0	0	0	0	765	999	590	0	0	168	0	0	422	0	0	0	361	0	829	48	0	0	892	0
127	875	828	111	979	867	0	0	392	496	0	0	327	507	0	0	0	788	0	197	316	337	0	0	836	0	992	244	173	394	515	604	0	274	106	0	399	534	777	666	875	353	83	737	0	917	270	383	213	606	0	441	693	0	354	0	0	641	982	489	710	0	0	0	0	0	861	0	299	689	0	0	258	0	0	258	834	782	0	718	734	0	0	0	0	0	0	948	214	155	869	0	0	0	0	766	0	0	515	185	531	864	0	0	215	0	0	760	320	0	0	160	613	4	0	731	0	446	425	0	0	47	196	575	0	875	0	0	883	0	183	0	835	0	235	0	0	0	0	742	472	12	402	114	0	268	0	0	0	0
192	0	0	90	103	122	959	413	918	0	0	0	0	212	967	0	0	0	0	0	0	225	0	884	0	399	890	38	0	106	140	708	0	456	0	0	221	0	0	0	168	0	0	0	274	0	0	83	875	0	703	0	0	0	0	666	0	970	581	0	0	117	0	703	910	0	0	940	0	419	0	0	611	886	0	0	0	228	0	959	728	762	445	0	419	0	0	642	0	402	401	0	953	826	26	0	0	0	6	0	0	20	0	0	0	985	392	0	565	980	0	575	0	146	0	0	0	0	0	586	0	991	418	210	253	241	832	800	0	0	97	674	753	0	0	0	0	809	0	0	450	0	380	551	0	0	938	0	744	682
0	624	10	445	398	388	0	495	426	0	334	842	155	0	222	820	0	411	0	0	0	0	869	0	501	784	273	679	946	0	575	554	804	45	426	0	332	0	898	17	424	330	0	118	669	247	761	0	0	0	691	0	324	0	199	784	0	254	839	384	0	0	0	822	0	605	574	944	643	0	253	0	771	306	0	0	0	601	308	0	330	943	521	344	605	0	0	0	0	452	0	0	0	0	253	374	691	0	204	813	0	0	0	0	0	0	957	0	0	0	383	879	0	0	0	0	86	969	282	0	450	0	0	885	950	301	0	0	0	79	608	142	0	0	0	0	0	250	0	0	0	575	925	0	705	0	98	0	805	0
773	0	0	179	0	786	358	137	266	0	0	668	730	284	0	0	0	0	776	0	0	219	0	0	391	0	0	0	964	13	609	0	148	0	235	311	912	0	0	0	0	0	574	88	0	938	0	0	345	0	0	87	0	238	683	0	301	164	40	0	15	0	862	0	314	265	678	325	0	0	0	138	664	681	0	0	540	0	116	0	0	0	460	0	308	0	487	0	907	454	0	894	873	436	919	0	0	0	0	0	271	0	400	617	134	0	0	195	141	165	529	950	0	95	0	0	0	375	305	0	0	813	0	0	933	514	611	42	0	0	0	0	0	0	0	601	20	288	0	19	198	739	0	0	246	0	0	0	999	0
230	0	0	0	950	86	604	543	0	0	0	269	0	100	593	390	0	727	386	900	0	457	0	0	0	810	826	0	0	509	241	0	0	360	0	0	0	151	0	0	0	0	0	188	156	0	0	0	0	159	267	838	647	0	0	0	0	0	247	0	954	0	245	458	658	551	0	699	377	108	436	0	0	592	0	950	658	0	0	0	88	0	70	0	0	0	0	0	330	0	700	161	0	339	307	0	913	0	115	858	0	138	0	423	0	190	0	711	148	43	0	0	790	0	255	923	292	0	5	0	0	544	0	124	0	0	655	0	0	189	0	584	0	417	0	133	0	768	415	0	0	471	0	326	744	782	0	535	686	746
695	448	494	90	277	66	438	654	200	0	736	0	0	85	358	0	86	393	711	0	883	0	426	0	351	998	821	0	0	0	0	0	0	0	301	0	0	0	9	968	0	0	872	171	0	0	331	0	617	0	0	734	0	0	339	493	0	0	877	331	181	31	0	772	277	0	0	279	0	918	800	745	802	0	797	0	0	0	0	934	685	0	0	0	854	0	0	416	682	0	0	857	0	0	316	0	235	596	861	0	648	698	0	847	0	135	185	0	386	0	205	434	910	742	637	0	542	0	41	931	0	0	0	33	618	718	136	0	285	275	787	611	994	0	0	0	0	22	0	223	0	539	0	0	0	0	0	0	64	940
0	0	0	0	552	73	456	0	490	0	0	0	0	730	980	643	579	448	0	0	474	0	798	0	0	0	110	557	980	0	0	608	0	851	0	57	435	0	0	0	0	0	491	211	24	330	0	0	699	604	212	802	506	0	843	0	0	107	284	895	0	417	0	724	0	0	0	31	0	0	0	0	562	0	0	0	0	0	57	684	146	0	0	965	0	0	0	392	0	307	61	278	0	0	389	591	0	0	176	329	783	224	0	0	374	0	0	423	28	243	75	0	676	166	0	0	757	0	0	0	0	0	100	918	0	0	0	480	0	20	164	0	538	182	935	0	211	716	0	0	0	305	0	0	0	825	477	0	193	0
497	0	0	394	587	0	925	0	229	0	0	781	505	306	0	0	0	124	0	0	0	0	0	763	0	0	194	143	359	950	0	0	0	0	0	709	232	322	86	0	0	0	684	0	0	416	54	962	0	7	785	0	75	791	0	0	0	608	69	389	0	0	0	45	832	741	628	0	808	777	0	0	0	0	424	0	0	594	755	591	0	844	0	0	0	325	601	720	399	673	0	502	549	0	0	482	0	56	0	0	891	810	0	0	289	254	0	0	0	993	0	0	0	97	0	904	0	0	984	0	0	0	0	0	0	0	7	522	0	0	99	0	0	188	0	0	846	0	679	0	0	0	942	974	0	489	201	0	67	0
0	0	0	630	0	57	434	0	0	298	0	574	0	276	562	632	896	693	0	0	406	0	0	563	344	386	0	0	740	0	77	763	605	852	99	0	894	0	0	131	0	375	0	979	423	716	283	0	0	184	0	0	524	311	0	0	58	0	0	0	0	0	0	856	0	648	0	42	0	0	0	0	296	597	863	282	951	0	0	0	0	0	0	463	0	0	0	0	282	0	329	59	0	0	0	351	0	342	0	79	0	0	684	0	0	0	361	0	0	0	371	0	64	855	584	0	358	667	608	350	0	471	110	0	757	0	719	943	0	698	637	567	0	0	0	866	0	0	0	0	571	316	0	0	765	688	0	497	981	0
0	323	0	0	0	0	0	0	621	301	851	885	0	0	0	0	0	0	0	0	0	0	642	783	751	503	0	0	752	275	0	0	0	495	0	108	0	789	30	0	661	0	0	701	0	0	397	225	0	0	0	601	0	666	0	0	601	0	851	0	0	299	727	0	0	415	188	369	385	0	951	597	730	126	0	0	756	957	0	0	435	340	264	342	0	0	0	0	0	895	244	0	0	458	717	168	3	0	0	189	0	0	759	56	0	312	241	165	0	550	0	334	0	0	0	0	0	333	30	0	0	330	117	104	425	491	934	848	960	869	388	591	356	0	0	0	0	829	0	0	0	277	200	0	677	750	561	0	0	0
0	506	0	0	0	0	0	0	0	76	180	660	370	0	506	0	567	96	0	0	0	163	954	0	800	0	0	0	852	746	0	0	0	190	866	377	476	166	0	0	0	0	0	0	28	477	393	0	637	80	969	0	790	473	889	0	597	852	0	0	585	156	0	0	450	0	746	0	35	0	44	442	0	0	0	0	425	509	629	960	0	61	0	0	0	995	181	0	10	505	0	0	139	0	643	0	747	948	143	0	0	743	0	954	0	0	127	0	547	0	727	0	611	0	0	0	863	787	84	0	40	0	0	627	0	0	195	373	116	0	131	325	0	602	872	50	702	0	556	501	0	0	0	955	0	0	602	0	844	0
156	519	183	947	0	656	0	355	138	0	0	0	705	0	0	285	0	0	0	897	347	0	273	0	423	294	662	958	325	638	17	0	0	953	0	825	0	950	0	155	0	0	0	892	16	866	501	0	315	736	981	0	769	486	0	0	0	744	824	0	890	0	0	573	0	0	0	0	796	394	0	98	180	0	0	0	102	0	172	0	876	0	591	0	886	0	422	392	0	953	237	847	575	863	848	825	0	0	95	924	438	327	314	0	510	425	0	0	0	0	482	407	0	0	119	288	0	0	0	927	320	0	0	501	0	629	0	0	0	34	0	0	107	0	0	2	0	0	319	102	0	0	0	282	0	0	0	15	231	0
0	0	0	0	0	0	0	272	0	157	0	0	0	0	799	0	85	0	0	0	474	68	0	0	0	0	0	362	0	895	0	0	0	0	0	664	341	897	792	0	139	0	659	0	7	0	782	940	0	0	0	445	222	780	0	669	75	0	535	0	0	0	118	618	0	927	478	0	0	0	199	0	255	0	830	0	0	65	835	327	0	315	0	0	854	131	0	0	247	643	713	0	0	0	0	0	300	0	0	234	177	0	990	0	650	587	427	0	703	805	0	658	120	0	0	943	934	0	77	677	386	0	482	758	0	49	970	0	863	110	991	173	484	0	420	0	0	0	223	0	0	318	174	87	0	466	0	648	0	296
0	167	836	0	0	0	853	653	828	860	975	0	395	155	0	715	115	397	0	198	167	0	0	0	582	639	107	0	0	0	829	394	0	0	417	872	274	0	0	334	0	730	523	829	557	0	0	0	0	0	0	0	68	0	0	0	0	0	0	696	0	0	773	92	620	0	0	523	78	0	312	0	397	28	0	950	0	909	0	523	0	0	833	100	0	0	979	0	0	0	0	821	0	0	0	0	815	178	36	0	192	0	0	571	275	0	0	235	0	403	0	0	0	0	274	0	0	0	424	0	0	643	0	0	0	0	522	0	0	0	0	0	100	0	0	655	298	0	0	452	0	0	0	695	197	0	511	0	0	206
201	273	443	0	559	557	769	0	0	0	0	636	0	816	0	0	781	699	498	0	0	0	0	0	0	967	492	0	415	0	479	32	0	451	728	0	228	0	0	553	0	732	900	0	0	239	0	0	0	865	0	247	0	0	837	0	221	522	0	554	705	0	0	732	393	0	0	835	361	538	500	915	0	0	0	0	0	901	252	0	0	121	205	527	0	130	0	681	0	0	0	0	676	0	556	569	0	62	0	685	0	0	0	140	0	0	0	880	68	522	0	0	388	0	0	587	627	592	0	74	0	0	484	366	966	0	218	0	0	0	100	859	524	0	0	598	194	0	585	0	0	438	863	467	939	0	272	0	761	0
790	749	0	443	923	567	744	0	762	196	195	992	0	157	664	374	0	0	0	0	965	0	0	0	465	928	0	306	0	0	0	335	0	0	0	0	0	17	0	136	222	0	359	0	0	749	0	82	398	0	333	0	0	0	865	823	186	0	0	0	926	762	0	969	1	0	0	862	761	153	805	889	0	0	0	0	965	232	512	814	230	0	473	0	0	0	0	0	0	834	362	445	0	877	0	334	810	0	792	0	0	0	317	0	0	0	135	0	208	835	0	860	348	0	291	0	0	140	962	0	164	907	0	762	0	0	727	0	838	0	517	772	0	157	0	416	0	0	468	678	845	0	0	0	110	0	208	880	570	0
0	630	0	0	131	0	0	922	0	770	0	0	0	628	0	870	0	536	0	0	438	0	801	0	346	0	0	17	418	0	294	0	465	0	0	938	0	0	240	135	0	0	0	0	0	821	407	132	919	264	0	0	913	719	486	0	0	0	273	0	213	0	0	515	0	0	0	0	46	751	628	0	319	613	0	0	0	563	0	0	428	363	126	0	0	131	0	824	0	681	0	95	0	0	0	443	0	0	0	654	969	419	0	0	0	0	0	0	714	291	196	0	474	0	507	14	0	374	0	950	0	0	489	332	0	296	771	632	881	0	584	0	993	0	64	195	0	0	825	8	225	0	0	0	0	344	535	749	0	506
0	143	77	0	531	0	594	0	704	0	0	0	0	0	86	0	870	0	88	0	857	658	0	238	0	166	0	0	0	97	238	291	990	0	0	0	0	805	419	0	0	628	0	332	0	106	0	407	0	77	920	0	0	678	0	0	0	630	0	0	979	439	432	0	611	0	398	446	0	84	0	290	0	0	0	461	450	0	0	291	470	0	969	0	983	604	332	0	0	813	258	174	0	0	0	0	837	447	104	911	0	667	170	0	0	0	508	485	0	672	0	653	0	358	516	644	598	0	593	696	470	796	0	0	0	227	0	0	0	0	0	0	0	95	0	0	166	0	322	0	0	547	0	464	0	818	0	0	0	128
483	150	70	949	0	439	285	0	0	849	0	336	0	0	0	523	288	785	731	0	0	760	0	281	846	0	0	753	699	0	0	141	0	0	686	146	744	925	0	459	0	615	508	0	13	0	124	0	0	0	50	0	254	0	38	0	388	728	0	78	513	0	0	1000	0	0	0	557	0	0	630	752	0	829	697	0	0	0	0	84	667	122	942	625	0	595	0	817	0	579	0	100	1000	0	941	470	694	0	0	360	628	0	0	44	0	519	123	0	46	0	152	0	347	198	0	0	721	880	0	277	0	0	0	0	363	0	921	0	0	30	0	0	0	0	613	0	280	0	841	279	0	584	0	489	0	146	0	105	983	629
527	216	0	0	0	0	128	0	0	0	693	0	0	299	0	151	0	983	0	0	60	0	0	0	727	177	390	715	658	0	268	0	0	224	35	0	0	902	202	0	386	26	0	863	468	0	0	0	0	0	0	0	649	0	379	0	0	0	124	0	571	0	133	0	0	441	0	0	0	573	722	0	0	0	0	339	0	0	0	192	0	355	0	420	484	213	467	820	952	669	0	0	0	0	193	149	0	0	0	0	315	809	0	0	439	809	0	478	0	0	0	858	0	0	295	0	0	0	867	0	0	0	280	963	0	549	924	0	0	867	79	0	0	0	318	0	965	0	102	443	237	479	837	0	47	0	0	532	643	0
784	0	633	0	786	648	191	261	240	30	848	0	0	0	0	0	0	0	658	336	0	887	0	383	0	399	398	260	0	0	0	203	979	577	8	507	0	677	0	0	0	667	0	0	306	0	880	285	892	728	0	0	0	526	0	992	951	0	0	951	0	61	688	844	383	483	0	0	0	0	558	0	703	616	544	0	0	992	0	357	747	345	24	0	0	0	0	0	651	0	0	0	0	0	0	0	715	0	868	0	0	661	409	0	166	220	0	617	0	74	0	0	0	567	593	0	0	520	0	0	0	563	0	0	120	0	0	16	0	0	622	0	975	0	0	0	0	0	810	585	0	891	860	0	611	75	0	533	328	327
938	0	0	969	0	0	350	0	696	0	616	376	0	0	0	209	0	689	0	33	0	374	0	426	0	0	0	663	918	0	0	863	0	0	737	201	133	0	0	0	899	0	934	0	0	790	575	0	556	178	0	0	977	0	0	777	809	0	0	731	826	0	82	873	466	139	0	0	0	0	92	0	197	0	986	0	0	836	0	274	0	0	747	213	515	537	84	334	809	127	687	8	596	0	167	157	0	130	860	0	0	0	0	221	0	897	622	769	0	611	183	0	0	334	422	524	0	0	707	745	783	529	180	772	0	0	0	324	0	853	299	0	148	400	685	0	897	0	120	0	0	0	0	777	0	0	0	652	0	952
0	0	245	44	459	0	0	837	0	0	0	192	0	662	0	608	0	250	359	239	0	186	0	92	0	0	921	844	950	596	0	0	607	85	0	76	728	662	0	0	0	71	962	588	0	408	1000	0	561	0	0	108	0	0	820	527	744	339	0	336	610	434	607	397	0	477	45	0	869	0	892	0	0	0	866	613	0	353	698	0	0	123	0	291	0	691	0	0	0	0	0	0	228	545	0	0	794	0	782	0	0	205	0	0	0	0	148	892	0	0	721	0	0	695	0	0	213	0	0	0	478	0	685	753	0	0	314	0	0	0	0	0	0	171	0	265	662	635	0	0	311	0	233	0	0	184	0	0	0	0
0	673	668	0	129	126	338	0	0	0	85	0	196	162	0	803	504	73	476	586	0	0	0	0	0	0	28	0	949	227	0	746	0	85	934	243	0	0	816	891	0	0	124	0	0	0	0	0	389	0	0	563	267	0	0	0	604	746	660	626	0	0	0	748	503	0	0	770	774	0	0	177	0	234	0	919	0	0	711	0	0	0	0	172	125	982	0	441	0	851	0	0	0	406	181	878	653	53	0	0	238	0	185	80	0	0	0	763	0	181	0	0	338	280	0	0	0	295	0	0	932	542	845	576	0	0	95	0	250	0	207	861	539	323	299	0	688	0	0	821	213	969	0	333	765	611	0	0	0	0
254	519	0	82	646	0	0	0	551	0	439	0	280	706	0	0	36	0	20	0	814	0	488	0	0	0	991	0	0	0	0	418	0	625	379	0	425	0	309	0	0	0	383	164	750	0	75	663	0	371	0	0	0	970	0	388	46	0	0	728	223	0	0	385	167	218	112	0	502	0	0	0	192	0	0	7	0	516	0	622	0	25	0	0	0	0	0	178	0	590	832	834	0	0	787	0	0	914	0	0	0	0	785	0	274	537	753	0	360	0	876	426	0	807	0	91	0	579	0	0	0	655	380	533	0	232	59	68	0	0	0	0	481	0	525	0	311	893	0	0	305	663	181	797	130	0	742	34	0	152
798	0	163	0	44	334	581	402	0	433	0	37	0	442	0	634	338	932	994	544	0	0	0	753	0	0	0	0	0	895	165	0	5	836	0	185	240	0	1	0	765	324	201	0	0	0	945	970	587	513	290	0	0	0	64	0	271	213	129	873	0	959	559	2	0	96	491	0	0	0	335	526	628	0	201	0	823	0	0	791	0	0	0	0	0	0	0	110	0	0	407	7	0	0	400	0	82	0	0	235	158	323	532	390	0	997	412	0	0	0	360	252	0	291	299	0	167	0	884	0	0	0	462	0	0	347	581	123	0	374	178	370	0	0	659	0	238	414	0	250	0	0	0	0	0	672	0	0	0	0
514	928	0	0	769	0	0	0	272	0	0	863	2	768	0	0	0	298	458	0	466	213	56	383	0	992	837	0	561	825	0	0	118	0	822	0	0	842	235	149	575	0	391	986	0	0	222	19	0	0	639	272	0	0	579	0	289	275	744	0	952	0	0	389	250	70	0	0	823	790	0	0	31	761	0	0	0	889	0	0	0	0	548	0	261	102	472	0	334	0	0	0	0	35	440	867	0	0	434	756	0	0	0	637	0	0	0	9	235	293	645	860	217	962	17	316	113	964	0	0	0	0	0	251	310	0	0	507	857	0	593	0	0	368	0	0	0	28	72	619	0	274	594	0	444	863	0	0	0	0
419	408	956	307	635	0	270	22	270	819	735	0	0	0	0	342	472	363	457	0	0	443	0	0	0	0	0	0	945	792	355	302	0	195	0	576	494	177	931	0	0	17	778	662	0	0	162	249	545	0	0	483	0	0	406	0	704	0	776	946	66	0	19	0	369	0	531	0	0	165	434	0	0	0	0	450	0	0	912	0	643	377	0	44	324	0	745	0	0	171	649	0	0	429	0	437	0	435	389	0	0	78	434	0	593	429	0	0	0	392	0	412	205	96	0	853	0	0	3	0	720	386	0	689	0	0	0	499	445	0	462	944	333	272	0	995	0	0	586	562	756	236	837	0	0	180	76	0	185	0
484	957	0	209	898	0	753	0	398	844	0	880	157	0	651	0	49	166	0	114	71	936	301	353	0	177	0	82	450	587	0	0	0	921	384	0	0	0	628	388	107	190	232	500	447	0	30	256	160	418	735	552	899	492	839	0	0	0	0	0	0	0	0	0	0	0	0	310	713	142	301	548	0	0	31	290	0	0	529	0	0	870	523	0	0	0	735	873	478	792	559	0	0	605	0	0	44	990	795	535	0	0	162	0	225	0	0	0	0	0	0	0	248	0	945	808	0	316	0	972	781	250	0	326	190	412	0	0	265	0	307	714	328	0	0	91	544	332	0	0	0	546	0	668	478	479	0	889	944	0
0	0	0	17	0	420	180	833	913	0	3	0	405	769	986	422	0	0	0	756	0	7	0	784	751	827	0	0	0	548	0	845	513	805	0	0	0	0	0	0	633	219	643	388	598	281	185	0	0	0	0	0	474	0	0	0	0	0	0	595	0	767	0	0	0	0	339	794	0	0	0	0	0	800	408	424	0	0	56	795	910	416	0	58	751	729	0	0	0	659	0	674	488	0	562	0	0	849	0	156	0	0	995	118	0	359	606	227	12	0	0	106	0	720	0	375	769	0	519	0	46	0	0	554	930	0	866	0	279	0	0	957	0	873	912	912	882	443	0	101	743	0	956	0	0	355	881	0	355	0
0	0	0	0	0	0	0	0	818	309	0	828	701	0	0	0	812	0	0	398	155	0	234	0	0	124	528	0	0	0	0	700	32	799	414	0	438	0	945	869	812	0	235	0	0	0	0	0	0	0	505	0	0	0	0	454	290	463	295	463	0	0	88	497	272	682	0	584	0	444	0	94	690	0	0	0	647	229	411	0	443	0	608	344	60	457	0	0	0	328	0	761	0	0	823	335	0	0	0	362	956	0	0	0	0	268	483	0	978	931	680	0	0	0	779	0	346	429	0	0	882	749	804	0	720	0	0	18	0	0	963	235	222	633	0	149	0	182	97	497	528	350	0	621	0	363	381	0	0	0
0	742	377	0	424	0	0	512	0	222	560	672	971	523	0	0	0	0	0	834	156	404	691	672	0	0	0	0	153	0	0	199	408	637	0	864	746	0	0	14	0	0	109	280	485	0	658	0	0	0	146	0	675	752	834	0	0	383	316	755	260	0	805	998	66	12	0	0	0	35	701	59	216	0	130	228	0	85	276	950	0	0	933	149	905	0	911	0	0	0	809	0	217	173	0	1	145	350	0	0	447	0	0	0	0	829	0	0	332	666	733	341	0	845	0	0	948	923	563	0	534	194	242	393	175	132	405	37	48	789	579	0	0	473	243	0	0	420	0	0	58	396	217	0	429	740	0	502	225	0
660	0	0	80	0	798	74	0	0	364	0	747	0	0	0	574	0	0	0	485	0	211	688	232	331	620	0	370	728	0	956	259	0	643	582	515	508	0	0	0	0	0	0	0	0	188	285	0	0	0	0	0	0	682	957	0	450	390	957	3	824	0	0	373	569	0	0	0	0	838	0	103	0	0	0	0	634	0	312	176	0	366	959	288	919	0	0	0	710	0	858	0	816	466	519	765	58	14	0	0	554	12	0	0	0	995	601	0	26	365	674	0	0	0	0	585	381	120	863	0	824	0	648	0	565	725	343	699	238	905	42	0	0	0	0	657	759	29	0	0	0	0	783	0	0	0	0	557	0	747
0	0	0	650	179	84	0	530	222	504	0	178	0	552	839	0	0	901	0	0	974	146	23	596	0	0	877	259	0	0	0	485	0	755	0	289	158	0	0	399	0	0	541	783	893	502	238	0	0	41	673	0	0	0	633	0	505	516	344	955	690	0	0	0	0	324	0	0	0	790	646	0	0	339	785	320	682	232	943	562	0	0	338	160	154	0	604	0	0	0	0	0	386	0	938	0	0	0	0	0	0	716	872	0	0	0	1	11	40	386	0	968	0	0	0	392	0	0	671	0	0	0	824	563	167	0	0	0	0	208	725	0	0	0	11	484	475	0	270	986	0	269	419	0	437	359	0	0	0	47
270	270	0	0	95	0	869	0	0	0	0	0	550	558	0	300	573	957	905	0	0	254	0	482	752	927	85	0	0	319	508	169	170	0	322	300	0	343	856	923	0	319	0	620	0	0	0	410	155	239	938	112	737	0	0	0	636	0	0	183	504	718	0	268	714	0	0	616	0	424	132	85	0	839	995	639	742	0	0	0	0	602	494	832	0	0	669	664	0	0	0	0	117	738	0	0	0	150	0	206	419	251	214	787	582	108	649	0	0	0	624	0	0	573	648	662	72	616	0	0	0	0	0	0	0	0	67	0	0	24	890	0	0	131	640	0	0	0	767	729	0	387	906	508	0	427	905	773	0	0
597	0	787	205	95	624	0	399	577	482	594	777	0	841	384	123	0	0	0	0	0	371	18	0	0	0	18	829	0	0	566	950	0	0	578	779	0	976	0	102	726	0	0	649	0	869	503	0	0	0	559	0	292	0	0	230	935	340	408	126	0	173	0	0	0	819	0	417	0	66	418	0	28	0	0	0	544	0	684	512	0	466	0	0	0	0	0	0	879	796	0	22	230	0	0	0	0	297	587	256	0	0	0	822	0	531	0	446	445	0	0	0	269	747	0	0	0	667	0	631	0	0	0	0	739	0	0	985	0	0	43	789	231	0	788	431	943	572	0	425	0	923	0	977	923	424	414	487	0	0
0	0	0	0	645	0	625	0	180	0	84	0	50	518	0	567	0	59	0	47	607	0	0	279	0	0	0	0	0	0	0	0	0	0	0	0	0	0	750	318	0	0	0	445	577	0	0	6	295	0	973	0	0	656	0	670	0	391	0	679	499	0	286	339	0	0	0	992	571	0	0	0	0	188	113	0	0	823	822	0	0	0	0	0	317	524	0	933	624	0	54	178	0	0	507	850	44	0	917	0	432	0	0	306	0	0	262	253	373	907	592	521	524	0	696	0	182	869	534	0	0	619	0	0	0	349	744	373	639	574	559	0	0	0	0	761	0	0	0	0	0	644	0	155	0	639	0	745	577	0
617	0	770	0	0	0	0	0	0	577	239	0	513	910	446	0	298	405	0	594	0	676	479	21	576	474	0	0	0	0	0	0	548	0	725	0	327	0	0	0	409	0	670	897	535	0	364	0	957	0	0	0	0	0	82	519	570	0	276	0	80	733	0	0	0	831	799	553	574	224	0	0	451	0	54	13	50	838	0	0	387	422	414	0	652	755	806	0	0	0	225	0	0	0	0	935	0	0	0	345	96	213	0	725	63	950	744	634	58	0	858	0	234	813	103	343	0	171	0	0	258	0	911	717	0	0	0	782	12	0	0	0	0	757	479	0	685	0	453	47	393	0	124	0	0	0	806	874	0	788
419	0	0	0	0	0	0	0	0	0	353	0	0	736	879	670	0	211	97	0	0	0	0	0	0	0	0	887	0	813	28	0	0	857	0	782	96	0	0	363	0	0	473	940	0	0	0	0	924	0	11	271	132	0	0	598	292	0	0	208	284	52	986	0	0	0	0	0	0	0	597	780	85	0	0	0	0	917	376	605	0	740	284	0	0	0	0	0	0	0	0	649	0	790	0	0	0	0	0	0	541	242	435	0	0	426	0	899	960	154	632	0	0	588	453	360	0	552	0	832	0	0	0	648	0	0	653	15	0	63	743	0	623	0	412	0	417	801	335	0	264	783	0	690	0	0	367	0	0	0
394	207	201	0	0	771	376	715	784	5	873	0	590	0	352	519	202	0	0	252	0	0	0	723	970	544	388	0	0	0	496	907	0	407	0	905	874	508	890	0	419	0	612	0	0	0	41	0	732	181	932	0	0	423	0	0	0	583	759	0	932	585	226	181	404	375	0	732	0	612	0	168	0	552	360	74	0	0	0	0	629	845	686	299	735	0	0	440	269	0	368	555	67	0	335	0	549	813	533	0	39	519	0	0	0	0	713	751	463	0	751	217	970	850	0	369	0	27	0	659	0	0	739	0	0	536	0	0	584	0	200	0	718	0	0	0	0	533	388	0	341	0	391	0	0	0	0	298	0	858
0	800	0	6	0	824	0	0	414	868	549	0	657	438	66	0	0	414	0	0	0	571	10	400	0	0	0	813	831	0	0	0	0	549	0	636	768	0	619	829	0	537	0	500	300	520	668	0	482	0	0	96	0	0	518	743	565	234	0	0	220	0	515	0	0	373	0	318	670	0	129	92	0	0	898	0	0	0	0	0	494	848	0	0	0	734	433	923	0	578	0	0	73	661	790	0	821	410	624	267	124	0	267	44	0	707	0	0	0	829	678	867	0	534	0	836	70	231	0	0	0	392	0	383	479	267	0	791	0	136	0	170	0	295	0	0	23	610	284	0	728	0	0	133	0	0	528	397	401	575
19	198	0	895	358	951	0	393	803	328	279	228	917	0	759	0	0	809	307	0	0	0	0	0	14	0	724	915	796	261	974	0	35	0	0	0	0	958	981	0	0	0	0	0	171	0	0	499	0	0	0	195	275	861	0	140	743	366	213	0	133	236	0	60	701	0	0	0	961	0	269	824	852	594	457	492	323	0	877	995	0	490	487	562	109	0	813	0	0	0	0	681	0	932	119	0	0	921	0	0	910	0	0	898	0	758	0	475	334	490	537	0	709	0	0	0	452	0	0	16	992	0	0	48	0	0	0	0	0	0	596	208	974	0	296	0	595	260	194	494	0	357	708	634	774	933	674	500	0	0
0	865	0	0	700	991	0	737	0	417	0	64	0	0	0	617	418	0	0	999	447	589	0	0	471	624	553	0	882	0	594	260	0	0	804	0	0	0	394	0	352	865	965	319	0	0	266	0	991	0	734	0	70	366	0	139	0	333	3	534	659	0	0	0	58	749	949	754	279	805	0	917	970	449	0	0	0	0	449	0	159	0	0	14	0	982	619	0	344	0	0	826	0	368	0	804	0	948	329	0	453	0	956	0	184	0	467	912	0	0	0	215	490	329	760	578	0	494	0	842	0	727	598	0	0	256	627	0	0	309	455	586	0	713	0	0	0	762	106	0	0	139	0	0	588	0	934	0	279	90
0	0	203	0	909	0	0	0	183	221	0	565	897	0	0	391	197	0	0	754	742	0	265	478	739	992	916	34	537	681	0	0	176	0	700	0	667	0	651	206	0	709	423	0	187	0	257	0	0	564	0	0	0	802	8	0	0	228	200	63	0	263	513	0	422	19	0	525	656	0	0	0	365	600	0	0	632	240	79	64	650	0	458	955	379	0	383	666	0	433	0	0	158	0	207	0	886	744	492	1000	887	0	316	0	519	0	0	973	17	508	0	538	397	0	0	428	201	0	296	0	787	0	80	895	0	0	19	0	973	0	0	105	0	98	0	0	0	23	0	180	49	634	228	0	741	0	0	0	706	0
59	0	821	374	844	783	312	0	0	0	0	0	362	958	0	395	633	0	0	0	0	0	579	978	859	77	467	42	959	0	0	734	100	0	0	651	0	991	531	0	0	0	0	0	625	978	0	687	539	930	0	32	643	0	91	0	858	851	0	658	509	6	429	620	210	235	0	646	0	0	0	0	0	0	367	0	0	653	526	946	0	0	0	981	0	32	252	534	252	761	0	916	0	628	0	510	0	573	476	284	754	0	551	0	334	0	0	0	610	250	35	931	469	773	803	339	0	475	0	0	0	804	565	107	0	0	0	890	0	341	976	993	381	0	873	0	0	0	0	0	719	0	0	0	0	541	0	306	140	0
375	740	0	769	0	0	0	667	0	286	85	148	0	0	95	282	994	811	551	43	15	0	76	0	0	0	0	653	557	37	814	0	0	0	422	723	0	0	273	31	482	234	0	0	889	0	0	544	0	0	0	344	957	382	764	0	727	0	148	0	0	0	0	0	0	0	0	0	0	0	614	332	0	920	0	0	738	0	173	536	193	0	0	0	0	0	0	939	0	476	0	0	46	0	0	381	0	0	113	0	0	0	0	377	479	0	562	0	334	101	0	659	32	799	467	0	378	0	0	0	0	855	292	0	0	422	107	0	524	0	591	859	0	110	703	719	0	972	0	0	0	185	0	255	0	0	416	0	0	313
739	0	466	0	202	467	473	31	0	0	0	512	377	0	0	0	0	163	622	0	0	793	0	0	0	949	0	780	299	797	0	693	0	0	353	0	658	763	0	0	0	0	30	0	0	0	258	790	412	0	0	526	710	0	0	173	0	401	0	946	972	116	871	991	0	669	0	268	0	0	284	981	727	0	764	965	746	0	753	912	0	0	0	0	757	737	856	181	408	207	826	301	408	0	0	0	515	0	0	202	27	835	65	0	0	0	406	445	865	32	94	0	382	550	207	0	0	0	0	0	0	975	0	889	0	0	382	647	374	395	0	247	529	0	0	0	100	890	692	0	395	0	319	0	363	452	0	0	0	0
0	0	0	373	0	211	0	80	364	0	0	996	74	0	206	0	54	430	537	358	875	736	0	431	177	0	0	0	793	0	248	0	487	0	0	0	570	241	225	879	750	0	0	756	0	0	0	173	866	0	157	144	341	175	0	0	0	0	0	801	0	405	161	450	0	0	706	0	0	468	0	0	0	190	0	0	48	0	0	458	267	0	0	126	10	0	486	847	948	0	233	0	245	0	133	971	713	582	0	195	679	290	0	737	715	571	50	0	0	0	738	0	0	666	538	0	0	0	0	789	882	0	713	0	420	0	0	89	0	0	0	354	628	0	255	617	0	0	0	469	85	949	0	0	0	0	563	327	0	0
440	0	770	473	0	679	145	71	0	0	741	0	637	0	0	0	450	0	0	561	852	0	0	612	0	0	0	292	565	0	518	488	324	0	780	854	458	0	553	591	0	0	0	0	836	177	0	426	601	0	110	0	638	142	0	0	0	0	0	0	201	660	0	0	0	833	695	0	651	0	569	0	0	526	380	0	0	233	0	778	418	693	0	330	192	0	0	0	613	0	197	875	0	258	0	655	0	787	392	0	0	0	49	0	345	0	984	0	901	0	900	0	442	278	0	0	168	186	907	0	418	952	0	999	688	56	476	0	234	896	0	317	777	634	867	0	306	132	0	0	112	0	205	72	791	0	434	0	0	0
754	905	0	305	0	0	0	625	523	0	0	188	0	481	0	586	0	91	0	0	0	0	0	0	447	0	806	6	551	688	688	0	0	0	293	343	0	671	0	0	0	0	0	0	251	265	885	0	261	163	172	883	0	597	0	148	0	0	0	793	297	653	1000	0	0	420	0	156	52	0	0	0	49	342	102	0	0	777	859	0	29	0	306	793	712	59	0	530	614	0	0	0	665	63	161	0	0	0	615	922	178	0	0	304	193	0	0	519	0	0	0	355	41	345	617	0	0	0	336	302	262	0	490	0	0	0	185	512	0	271	851	0	760	108	76	0	0	0	959	0	309	0	0	87	0	0	367	0	0	0
170	167	0	384	45	291	0	56	0	341	215	0	920	267	0	845	0	212	168	472	0	775	0	0	426	949	48	0	0	0	482	0	0	0	670	0	336	0	781	0	999	980	0	0	980	950	0	0	0	0	0	0	0	159	119	569	799	0	0	647	886	435	0	0	314	515	98	676	69	924	556	906	0	244	0	0	0	620	0	0	0	612	0	0	446	0	0	115	685	0	466	40	0	232	0	0	246	0	1000	166	745	0	0	0	0	709	990	0	284	0	0	0	0	689	106	0	663	581	0	0	0	884	0	0	552	0	0	0	0	0	144	538	846	733	0	0	0	0	320	0	566	393	919	122	0	927	0	0	0	248
417	455	702	531	0	720	753	631	34	182	0	0	170	523	800	0	421	0	0	414	0	0	232	149	684	0	727	466	0	509	0	229	0	0	0	669	34	278	0	566	0	372	0	198	0	856	906	0	0	456	530	214	0	0	834	361	0	0	0	0	98	0	0	0	820	989	594	0	0	316	849	0	0	802	0	0	761	666	741	590	0	654	706	0	9	891	546	0	0	0	380	0	702	56	869	431	299	407	0	192	0	0	0	0	0	989	0	644	0	288	0	0	943	0	832	0	0	0	928	0	72	694	0	0	781	718	0	555	0	854	390	758	0	0	277	681	0	140	416	0	0	700	0	251	0	319	0	0	0	723
37	168	0	18	0	896	0	389	0	155	0	0	0	0	653	0	0	0	15	109	99	0	726	886	0	0	0	61	0	0	0	791	0	0	143	0	0	0	0	0	237	365	0	614	0	458	0	462	380	143	0	291	0	0	0	792	12	0	881	482	221	0	631	0	100	714	0	0	0	0	0	842	0	104	0	934	0	0	357	551	0	417	96	0	0	896	563	970	0	507	275	0	0	383	921	627	0	0	0	0	875	580	447	0	825	870	982	0	457	717	725	609	507	641	0	808	0	430	94	275	0	300	17	0	0	722	0	784	0	0	589	501	0	0	459	0	201	511	72	0	0	0	0	0	812	0	0	355	0	95
0	625	0	0	817	0	343	0	0	577	0	506	142	0	218	653	0	218	0	467	914	0	483	266	0	716	0	29	0	927	0	0	788	628	333	0	237	859	0	0	454	0	0	512	0	428	0	908	0	0	312	0	0	0	0	0	794	0	879	397	350	82	0	8	985	713	31	864	0	997	769	0	389	295	0	0	0	0	524	0	110	93	860	656	0	0	0	366	0	0	642	0	902	360	199	0	0	39	399	173	774	289	0	709	166	0	0	0	0	614	0	300	130	0	0	0	0	394	45	0	0	0	920	772	0	0	322	0	540	817	0	0	0	187	35	0	0	15	0	0	0	941	356	0	583	0	0	0	80	512
