864	0	0	911	0	41	265	0	0	0	414	940	0	849	310	991	488	366	597	913	929	223	516	142	0	0	773	0	0	0	0	931
0	0	0	0	923	0	317	0	0	75	0	870	700	0	0	0	103	362	0	0	625	655	934	0	0	565	0	0	0	533	0	0
0	940	561	0	0	95	0	0	0	0	0	0	684	640	1	0	0	0	0	0	0	0	333	720	891	0	195	939	0	227	244	822
0	0	0	0	0	0	82	327	896	520	0	0	0	0	564	0	723	127	0	340	834	944	0	0	986	0	617	560	0	294	455	0
610	817	394	324	589	0	0	0	193	841	0	0	627	672	266	0	0	91	0	0	0	897	153	945	39	862	82	919	716	945	0	553
699	0	857	722	0	0	0	0	0	869	220	0	0	603	0	0	429	593	0	0	0	0	0	0	0	812	365	0	332	627	0	498
0	0	0	865	0	248	16	749	0	0	0	0	0	0	0	0	0	835	0	103	0	149	0	714	0	0	836	0	649	0	958	547
0	696	75	0	0	0	193	0	850	589	0	0	93	379	0	118	0	620	0	199	984	0	189	0	0	0	215	0	0	0	0	0
23	557	0	0	103	0	0	0	226	73	662	308	358	446	184	0	515	0	0	0	0	716	0	204	0	0	926	0	0	0	923	940
583	0	0	0	208	989	785	0	807	692	0	0	165	350	0	256	0	0	0	452	0	179	13	0	697	0	921	582	895	0	0	318
664	365	0	857	0	0	0	574	707	12	468	759	0	0	0	46	0	0	138	0	780	0	0	0	624	0	689	0	604	0	913	648
0	0	0	732	317	0	766	0	848	666	0	1	608	196	0	0	0	0	228	0	0	0	0	896	0	0	895	424	32	0	892	0
0	0	790	678	726	47	169	0	65	0	718	0	0	540	906	498	0	0	0	773	0	0	0	0	0	0	857	478	51	828	0	896
0	0	425	192	561	986	648	0	0	0	133	0	0	972	694	427	0	3	218	14	0	772	2	842	691	0	626	0	195	0	622	664
203	894	0	0	705	186	0	0	874	944	0	0	83	0	0	935	463	0	0	0	0	262	136	669	533	836	0	660	0	0	0	0
285	871	19	0	41	210	697	265	571	0	969	375	960	0	0	0	0	0	767	0	0	622	0	506	729	0	0	0	655	0	381	0
0	182	212	0	0	298	9	141	0	277	341	345	0	0	0	95	0	0	0	0	42	0	0	153	0	296	369	0	561	0	0	0
0	0	245	0	0	0	0	877	0	746	0	309	0	855	336	306	424	111	0	0	930	492	485	345	861	0	999	831	0	0	490	118
716	0	0	38	0	0	752	0	915	159	0	0	641	578	384	825	997	654	89	67	0	0	202	0	0	62	0	8	100	0	569	0
0	0	942	500	0	598	731	0	0	433	85	377	0	267	599	0	0	441	196	367	0	65	841	884	0	0	0	0	538	462	0	693
206	121	0	0	262	0	0	0	970	816	0	638	149	0	202	0	387	370	0	846	0	0	0	499	151	0	0	653	0	0	0	0
0	0	939	909	0	0	0	0	0	686	895	206	0	0	0	0	9	348	0	0	764	920	325	837	329	0	537	151	0	0	0	802
159	0	388	0	0	735	0	0	0	67	0	86	528	0	937	40	67	230	133	41	0	15	0	0	459	0	0	164	0	152	0	0
0	991	380	517	0	922	542	514	34	0	92	0	813	824	530	776	614	0	0	436	0	772	211	296	0	922	0	427	0	995	493	865
0	995	397	622	600	239	0	0	817	20	0	0	0	0	0	0	0	583	0	0	0	505	0	0	0	0	0	0	417	393	0	0
63	167	0	0	0	0	293	0	0	342	56	964	36	492	427	144	503	911	0	0	734	0	0	0	155	829	361	421	0	0	0	0
0	0	103	482	796	0	20	0	0	0	135	0	331	107	0	562	664	354	199	0	0	795	796	0	113	0	61	0	0	478	629	0
0	0	666	127	0	0	730	636	0	807	0	0	0	0	0	818	300	0	763	893	0	697	829	124	531	0	804	0	39	800	401	0
0	774	195	0	365	808	647	77	0	45	923	0	0	0	261	922	0	0	532	0	0	0	896	221	235	95	794	0	905	0	0	0
0	715	536	430	0	312	968	0	149	436	913	0	0	945	86	958	107	0	0	101	0	0	0	751	977	0	810	0	0	0	0	30
0	941	0	0	0	0	0	80	360	72	0	367	0	0	353	0	0	0	0	997	0	0	374	72	0	914	0	212	3	209	674	0
0	0	922	126	0	0	0	377	706	0	0	0	0	879	145	191	0	0	488	352	0	0	0	0	28	989	213	370	0	0	983	299
