0	0	0	911	0	0	0	0	523	497	414	940	0	849	0	0	0	366	597	913
929	0	516	142	0	0	773	0	0	818	0	931	545	0	829	616	923	0	0	101
747	75	0	0	700	338	483	573	103	362	444	0	0	0	934	0	0	565	0	453
886	533	266	63	0	940	561	937	14	0	736	0	0	0	0	0	0	0	1	0
0	0	0	341	0	0	0	0	0	0	195	0	581	227	244	0	990	145	0	556
458	93	82	0	0	0	0	501	0	308	0	0	0	0	560	0	0	944	0	208
0	818	0	0	601	294	0	93	610	817	0	0	589	247	297	188	0	841	191	0
0	0	266	0	70	0	0	775	0	897	153	0	39	0	82	0	716	945	849	553
699	400	857	722	0	282	0	0	0	869	0	916	0	0	845	972	0	0	0	461
504	0	656	0	0	0	365	0	0	0	118	498	0	645	343	0	0	0	16	749
277	119	0	225	380	813	0	0	436	0	63	0	801	0	875	0	0	46	836	587
0	0	958	547	0	0	0	27	127	0	0	0	0	0	122	400	93	379	853	0
37	0	0	199	0	993	189	0	126	0	215	0	819	0	0	0	0	0	435	0
103	855	0	0	0	0	0	0	0	446	184	62	0	478	40	610	103	0	400	0
0	367	0	0	481	858	0	0	0	173	0	0	0	0	0	0	807	0	0	865
165	0	0	0	120	0	943	0	681	0	0	482	697	0	921	0	895	520	939	318
0	365	397	857	0	256	157	574	0	0	468	0	0	0	0	0	557	0	138	245
780	0	493	360	624	294	689	0	604	0	0	0	0	0	135	732	0	0	766	0
0	666	82	1	608	196	0	342	163	0	0	0	458	387	727	0	0	0	895	0
32	411	892	718	581	0	0	0	726	47	0	0	65	265	718	0	0	540	906	498
