864	0	0	911	430	41	0	988	0	0	414	0	0	0	0	0	488	0	0	0	929	223	0	142	0	0	0	0	633	0	0	931	0	0	829	616	923	0	317	101
0	75	920	870	700	338	483	573	0	0	444	0	0	0	934	209	0	565	0	453	0	0	0	63	824	940	561	937	14	0	736	0	408	0	844	0	0	0	0	0
0	847	888	0	249	0	0	720	0	0	195	0	0	0	0	0	0	0	822	556	458	93	0	0	0	520	955	0	111	0	564	298	723	0	560	0	0	944	553	0
0	818	617	0	601	294	455	0	0	817	0	324	589	0	0	188	193	841	0	33	0	0	266	487	70	91	0	775	133	0	0	0	39	0	82	0	0	945	849	0
0	400	0	722	537	0	0	831	241	0	0	0	0	603	0	972	429	0	0	461	0	676	656	0	938	812	0	84	332	0	118	0	0	0	0	865	194	0	16	749
277	119	0	225	0	0	174	0	0	0	63	0	0	149	0	0	0	0	836	587	649	0	0	0	616	696	75	27	0	650	193	620	850	0	0	400	93	379	853	118
0	620	0	0	0	0	189	0	126	0	215	0	819	0	0	0	0	557	0	0	0	0	266	71	0	73	662	308	358	446	0	62	515	0	40	0	0	716	400	204
0	0	926	749	481	0	923	0	583	173	0	688	0	989	785	59	807	0	0	865	165	0	542	256	0	0	0	0	681	0	13	0	0	0	921	582	0	0	0	318
0	365	0	857	0	256	0	574	707	12	0	759	0	343	756	46	557	287	0	0	780	0	493	360	624	0	689	367	0	0	913	0	0	635	135	732	0	397	766	424
0	666	0	0	608	0	0	342	163	245	228	0	0	387	727	896	689	0	895	424	0	0	892	718	581	428	0	0	726	0	169	0	0	265	0	161	457	0	906	498
929	0	618	0	0	0	0	0	333	319	857	0	51	828	842	896	0	0	0	192	0	986	648	0	857	0	0	15	0	0	0	427	323	0	218	0	0	0	2	842
691	541	626	0	195	0	622	0	203	894	0	286	0	0	102	0	874	0	406	0	0	0	0	935	463	819	0	118	882	0	0	0	533	836	666	0	355	117	0	158
285	0	19	0	0	210	697	265	571	0	969	0	960	581	0	869	0	0	767	984	718	0	0	0	0	0	924	469	0	0	381	0	550	182	0	0	0	0	0	141
0	0	341	345	0	0	735	0	346	0	0	36	42	0	0	153	0	296	369	404	561	132	300	0	0	0	0	956	49	0	0	0	0	0	0	0	412	855	0	0
424	0	0	574	930	0	485	0	0	817	0	831	0	127	0	118	716	509	436	0	0	343	752	0	0	0	0	0	641	0	0	825	997	654	89	67	827	86	202	767
226	62	0	0	0	403	0	0	296	0	942	0	0	0	0	0	0	0	0	377	225	0	0	0	170	0	196	0	0	65	841	0	0	0	28	924	538	0	770	693
0	0	0	0	0	212	0	43	0	816	0	638	0	0	202	0	0	0	559	846	0	107	610	0	151	577	0	653	0	433	0	533	0	695	939	0	0	853	510	0
650	686	0	0	555	0	0	0	0	0	722	985	0	0	0	0	0	0	537	151	895	263	617	0	0	0	0	596	301	735	723	0	481	67	819	0	0	0	0	40
67	0	133	0	0	15	777	0	459	338	0	0	0	152	0	0	0	0	0	0	391	0	542	514	34	0	92	694	0	824	530	0	614	0	764	0	0	0	0	0
0	0	0	0	0	995	493	0	0	0	0	0	0	239	871	885	817	20	672	0	0	0	186	309	519	583	0	0	67	505	0	0	0	0	310	791	0	393	0	0
0	167	656	957	130	0	0	746	0	342	0	0	0	0	0	144	503	911	0	0	0	83	689	0	0	829	0	421	36	0	0	0	0	48	103	0	796	155	0	0
612	0	0	645	331	0	0	0	664	0	0	0	802	795	0	0	113	0	0	0	717	0	629	647	0	345	666	0	992	698	0	0	0	807	869	130	0	0	396	0
0	938	763	0	0	0	0	124	0	0	0	0	0	800	401	455	0	774	195	466	365	0	647	0	979	45	0	956	40	497	0	922	27	967	0	0	0	585	896	0
235	95	0	839	0	910	642	798	0	715	536	430	519	312	0	0	149	436	0	579	432	0	86	0	107	425	64	0	425	792	0	0	977	0	810	457	441	702	0	0
508	941	0	0	332	739	0	80	0	72	0	367	708	30	0	356	182	0	850	997	0	838	0	0	0	914	0	0	0	0	0	0	0	0	0	0	0	0	300	0
0	0	0	0	238	0	0	191	464	115	488	352	0	0	0	0	28	989	213	0	0	484	0	299	303	0	899	0	0	0	0	188	0	82	105	546	594	315	0	385
919	0	0	0	0	228	323	520	0	242	772	188	0	0	0	0	0	0	0	615	0	0	79	0	0	0	0	0	563	426	758	948	0	0	0	305	652	0	86	254
0	647	378	652	971	541	59	0	418	8	427	0	0	0	328	451	0	380	0	975	482	93	0	189	0	0	283	0	0	0	0	0	814	719	0	0	408	0	786	431
0	178	253	0	464	0	0	535	145	363	0	0	0	0	494	0	0	0	1	850	715	459	0	0	7	223	305	0	0	0	308	558	0	0	434	723	769	482	94	0
0	778	983	237	0	0	0	0	647	0	0	276	904	684	41	0	0	407	538	0	595	727	0	0	104	0	0	0	290	892	773	688	0	0	0	87	36	0	811	268
312	0	0	121	542	0	0	0	942	780	0	69	424	881	296	289	532	137	0	535	642	0	0	107	420	0	649	556	0	759	797	0	807	285	0	0	0	0	0	0
0	126	0	123	0	410	605	0	0	573	684	306	362	647	484	760	425	223	488	500	0	513	325	504	0	0	61	0	0	146	763	0	53	0	636	0	0	363	482	0
0	10	0	539	0	703	887	0	702	0	0	0	0	0	6	0	0	118	635	3	276	0	0	716	0	744	0	0	144	0	0	0	195	107	444	471	0	338	0	172
0	0	0	918	0	0	151	458	955	0	0	536	323	132	213	932	0	0	0	808	398	0	0	0	398	747	225	814	0	0	0	209	600	0	50	927	397	34	0	648
0	891	0	0	0	760	653	0	177	0	0	304	627	88	721	889	0	769	291	0	898	904	0	0	0	0	0	0	0	0	0	664	0	0	0	752	956	440	594	465
501	260	0	0	220	345	0	0	0	0	166	358	0	296	670	7	143	0	805	438	0	0	0	623	0	571	0	226	464	197	0	0	0	620	904	87	813	326	330	0
0	0	0	261	29	534	45	0	377	0	0	0	0	0	0	857	206	257	688	0	753	308	0	529	0	393	0	0	352	0	729	245	0	0	0	0	74	9	0	0
0	448	48	0	0	0	0	0	0	120	87	0	246	0	846	0	0	0	0	941	0	0	0	78	0	0	0	0	907	849	0	0	981	0	255	501	225	131	0	891
285	0	0	327	0	109	570	921	0	0	0	807	0	728	0	0	0	0	0	473	0	649	267	0	0	16	0	629	0	728	101	0	0	424	254	223	0	900	753	0
0	0	548	527	438	879	0	0	393	660	279	0	0	754	578	367	235	0	733	0	0	0	0	226	0	851	0	0	66	530	0	690	335	239	0	643	0	293	596	175
