864	0	776	911	430	0	265	0	523	497	414	0	802	849	0	0	0	0	0	913	0	0	516	0	0	0	773	0	0	0	0	931	545	722	829	0	0	0	0	101	0	0	0	0	0	338	483	0	0	0	0	0	0	0	0	209	989	565	0	453	0	533	266	0
0	940	0	0	0	95	736	860	0	727	844	0	684	0	1	0	0	847	0	0	0	747	333	720	0	64	195	0	581	0	244	822	990	145	0	0	458	0	0	327	0	0	0	501	0	308	564	298	0	0	0	0	0	0	553	208	986	818	617	560	601	0	455	0
610	817	394	0	589	247	297	188	193	0	191	0	0	0	266	0	0	0	0	775	0	0	153	945	0	0	0	0	0	0	849	553	0	400	857	722	0	282	0	0	241	0	220	0	695	603	0	972	429	593	0	461	504	676	656	0	0	812	365	84	0	627	118	498
601	0	0	865	0	0	0	749	277	119	0	225	380	0	0	340	0	0	0	103	0	0	875	714	0	46	0	587	649	931	0	547	0	696	75	0	0	650	193	620	0	0	0	0	0	0	853	0	0	0	0	199	984	993	0	0	126	490	215	0	0	62	959	695
0	0	435	635	103	0	266	71	0	0	662	308	0	0	184	0	515	0	0	610	0	716	400	204	266	0	0	0	0	0	0	0	583	0	714	688	0	989	0	0	807	0	0	0	0	0	0	0	0	611	0	452	681	0	13	482	697	0	921	582	895	520	0	318
0	0	397	857	0	0	0	0	0	12	468	0	80	343	756	0	557	0	138	0	0	976	0	360	0	0	0	0	604	0	913	0	874	0	0	732	317	397	0	424	848	666	82	0	0	196	715	342	0	245	228	0	0	387	727	0	0	0	0	0	32	0	892	0
0	428	790	678	726	47	0	456	65	265	0	0	0	0	0	0	0	574	0	773	0	905	0	0	333	0	0	0	51	0	842	0	0	0	0	0	561	986	0	0	0	742	0	15	411	972	0	427	323	3	218	0	0	0	2	842	691	541	0	100	0	0	622	664
203	0	309	0	705	186	0	487	0	944	406	642	83	0	0	935	0	819	0	0	882	262	0	669	533	0	0	660	0	117	892	0	0	871	19	0	41	0	0	0	0	322	969	0	0	0	0	869	0	866	0	0	718	622	671	0	729	659	0	0	0	445	0	0
550	0	212	384	0	298	9	0	154	277	0	345	0	0	0	0	346	0	635	36	0	276	0	0	597	0	369	404	0	132	300	0	0	0	0	956	0	0	183	0	0	0	72	0	0	855	336	306	0	0	101	574	930	492	485	0	0	817	0	0	351	0	490	0
0	0	436	0	309	343	752	703	0	0	941	170	0	0	0	825	0	0	0	0	0	86	202	767	0	0	394	8	100	0	0	531	296	0	942	500	807	598	731	695	222	0	0	377	0	0	0	795	170	0	0	367	117	0	0	884	0	0	28	924	0	0	0	0
0	0	509	407	0	0	656	0	0	816	0	638	149	107	202	0	387	0	559	846	0	107	0	0	151	577	415	653	0	433	0	533	507	695	939	0	330	0	0	510	0	686	895	0	555	0	953	224	0	0	722	0	0	0	0	837	329	0	0	151	0	0	0	802
0	0	388	0	301	0	723	0	481	67	819	0	528	0	937	0	0	230	133	0	307	15	777	864	459	338	0	0	819	152	0	671	471	0	0	517	0	922	0	514	34	0	92	694	0	824	530	0	614	78	0	0	0	772	0	296	0	922	612	0	845	995	0	865
0	995	397	622	0	239	0	885	817	0	0	906	0	758	0	0	0	583	0	340	0	0	0	0	0	844	0	791	417	393	829	392	63	167	656	0	0	244	293	746	0	342	56	0	36	0	0	0	503	911	0	616	0	0	689	715	155	829	0	421	36	626	477	0
0	48	0	482	796	155	0	0	612	632	0	645	0	0	716	0	0	0	199	0	802	0	796	502	113	0	0	0	717	0	0	647	956	345	0	127	0	0	0	0	0	0	0	0	0	933	396	0	300	938	0	893	0	697	829	0	531	0	0	193	39	0	401	0
380	774	0	0	0	808	0	0	979	0	923	956	40	497	261	922	27	967	532	0	0	585	896	0	235	0	794	839	905	0	642	798	514	715	0	430	0	312	0	116	149	0	913	0	432	0	86	0	107	425	64	101	0	792	159	751	977	31	0	0	441	0	427	0
0	941	884	0	332	739	0	80	360	0	124	367	0	0	353	0	182	0	0	997	236	838	374	0	610	0	146	212	3	0	674	689	0	0	922	0	765	7	0	377	706	25	0	619	238	0	0	191	0	115	488	352	724	0	0	0	0	989	213	370	0	0	0	299
0	0	0	0	566	651	0	0	607	0	105	0	594	315	0	385	0	150	968	128	0	0	0	520	0	0	0	0	298	0	0	679	0	0	0	615	0	0	79	0	0	0	0	0	563	0	0	0	0	0	432	0	0	363	86	254	455	0	378	652	0	541	59	385
0	0	0	0	745	0	0	0	208	0	0	0	482	93	973	0	0	111	283	0	571	620	704	0	0	719	456	950	0	189	0	0	0	0	253	0	0	348	0	535	145	0	0	0	0	88	0	0	208	0	0	0	0	459	633	473	0	0	305	117	787	644	308	0
623	0	0	0	0	482	94	694	0	0	0	237	556	780	0	286	0	0	123	0	0	0	41	0	262	0	538	911	595	727	0	0	0	0	0	362	290	892	0	688	930	200	0	87	0	72	0	0	0	546	0	121	542	880	255	912	942	0	167	0	424	881	0	0
532	0	0	0	0	0	0	0	0	978	0	556	413	0	0	0	0	0	0	452	0	581	643	141	160	0	713	123	390	410	0	479	0	0	0	306	362	0	0	0	0	0	488	0	711	513	325	0	667	981	0	0	307	146	763	507	0	908	636	0	26	0	482	400
909	0	866	539	68	0	0	0	0	0	0	0	0	0	6	0	0	0	635	0	276	894	655	716	0	744	922	0	144	769	0	294	195	107	444	0	733	0	0	0	0	0	663	918	703	0	0	458	955	0	151	0	323	132	213	0	191	0	0	808	0	0	826	503
398	0	225	0	0	0	962	0	600	727	0	927	0	34	0	0	0	0	191	372	0	0	653	693	0	0	625	0	627	88	0	889	0	0	0	789	898	0	0	0	0	55	0	713	0	681	0	664	0	0	0	0	0	440	594	0	0	260	721	487	0	0	272	43
0	53	166	0	3	296	0	0	143	65	0	0	696	0	993	623	0	0	0	226	0	0	347	0	104	620	904	0	813	326	330	548	466	914	0	0	29	534	0	0	0	82	214	0	537	354	0	857	0	257	0	0	753	0	0	529	0	0	0	0	352	892	0	0
0	313	956	565	74	0	471	0	0	0	0	0	828	0	0	471	450	120	0	83	246	101	0	0	157	0	0	0	0	451	627	0	837	0	572	772	0	849	0	0	981	184	255	501	225	0	860	891	0	0	0	0	445	109	0	921	0	624	0	807	206	0	0	796
0	0	0	0	0	0	267	279	237	16	0	629	0	0	0	0	0	424	0	223	291	900	753	675	6	0	0	0	0	0	0	0	0	0	279	0	994	0	578	0	235	691	733	720	0	676	288	0	757	0	0	245	66	530	0	690	0	239	0	0	0	293	0	175
0	0	0	0	516	335	0	0	650	25	831	0	0	0	158	0	181	522	78	0	783	211	800	0	793	0	0	0	712	0	218	240	0	135	835	239	778	0	0	623	0	135	0	0	922	939	0	630	853	0	0	610	0	500	466	316	0	0	225	568	668	0	676	0
0	0	976	755	492	0	321	0	868	80	265	140	618	0	0	195	0	0	804	298	393	966	0	213	0	322	0	0	984	255	0	883	451	0	0	0	673	0	266	0	687	166	312	17	0	0	552	0	0	645	154	0	0	0	0	62	0	247	46	0	231	968	669	0
68	0	63	353	995	0	0	139	0	0	0	0	0	145	0	0	0	0	336	0	804	0	0	0	0	0	0	0	546	0	0	0	0	0	0	777	0	0	943	125	0	976	399	0	3	0	0	0	889	677	0	0	750	716	0	81	0	243	860	0	0	0	0	0
0	979	0	0	0	760	0	858	700	574	0	0	80	437	949	885	612	0	635	643	0	727	0	629	0	41	258	348	0	755	750	0	27	0	954	910	0	508	0	0	299	687	154	469	241	0	0	166	753	0	0	345	0	822	504	967	0	0	318	543	0	295	563	0
1000	35	0	0	0	565	0	0	703	0	0	404	738	0	413	0	0	52	21	279	0	35	0	0	0	595	719	0	951	0	702	0	0	780	541	0	0	0	0	995	0	0	118	0	337	824	991	0	0	0	0	0	0	545	697	0	0	0	0	0	921	0	338	0
765	0	9	0	835	52	578	159	975	0	371	298	0	0	0	0	0	0	0	0	0	0	0	0	582	0	452	0	349	951	0	971	0	0	0	0	0	0	678	797	263	0	626	0	0	562	958	0	0	0	850	0	0	173	0	0	0	0	593	0	964	516	647	0
556	0	393	772	0	272	318	291	0	438	0	839	735	287	0	264	0	539	567	0	0	194	0	801	442	810	145	865	0	0	523	159	0	0	0	945	800	576	393	369	0	0	37	575	934	0	0	628	0	823	0	233	0	16	370	541	963	162	696	199	646	362	0	716
508	0	748	752	0	0	913	247	0	189	0	776	948	0	79	0	458	0	761	0	0	884	521	916	826	0	0	0	0	192	0	451	0	0	950	0	0	404	962	278	0	0	902	0	792	364	624	0	92	0	0	0	11	0	0	0	780	407	0	0	0	0	0	689
398	713	901	842	0	0	0	0	0	0	129	577	0	285	335	841	0	0	485	0	0	0	42	83	0	0	355	0	4	0	195	734	0	687	0	0	0	322	950	861	865	0	967	0	322	402	0	128	783	0	0	416	686	145	609	0	413	887	313	523	0	0	128	0
0	932	492	722	657	733	0	0	47	747	843	532	0	0	568	0	762	714	646	396	972	184	0	0	0	832	0	0	0	0	0	0	206	0	267	0	0	725	0	0	0	0	0	467	0	0	774	0	459	0	0	0	647	599	181	656	0	0	917	0	323	0	0	73
197	663	0	467	625	0	831	0	534	163	726	0	0	0	138	0	0	0	58	0	84	840	530	0	0	0	0	0	106	437	622	0	0	462	343	0	0	0	0	0	882	651	0	0	324	0	23	186	0	0	19	0	0	622	0	45	423	660	0	715	0	815	398	933
0	614	785	0	728	172	366	0	855	949	0	418	55	0	0	618	923	635	774	0	688	0	0	869	823	0	422	185	31	464	821	0	0	0	396	65	366	0	126	0	0	0	181	0	0	707	669	918	0	330	467	0	0	763	0	711	0	0	0	0	52	548	882	0
0	0	0	0	268	28	663	0	98	856	0	82	341	367	0	0	0	0	0	0	930	528	0	824	293	982	37	0	385	345	0	0	561	712	150	164	178	0	0	162	0	696	0	965	899	0	639	0	0	0	0	981	909	640	694	407	0	0	0	650	288	336	0	989
0	0	0	0	899	0	474	0	0	0	141	0	578	789	0	166	0	0	0	703	399	0	0	176	152	19	25	843	331	522	3	0	48	0	947	114	586	0	0	0	156	0	0	0	806	0	428	446	581	0	702	0	0	253	0	141	372	522	0	546	409	74	132	417
0	674	0	989	98	441	0	446	0	482	390	0	0	0	245	660	0	0	0	0	70	0	258	282	906	539	380	555	22	0	0	0	0	897	0	0	41	0	0	0	0	0	987	0	0	0	898	873	0	147	730	0	0	0	431	0	0	999	0	0	946	107	730	471
0	0	165	173	348	485	420	162	604	940	0	290	780	515	0	955	377	353	146	0	366	0	0	0	531	0	55	200	0	980	263	0	740	0	332	303	389	649	0	0	564	0	35	0	420	0	384	0	213	0	137	0	0	0	0	0	31	440	0	0	474	0	657	0
0	0	79	796	435	557	743	567	0	0	0	212	168	0	0	537	138	0	504	0	0	0	638	753	294	733	812	0	700	0	821	985	0	0	0	418	0	0	268	920	162	350	0	0	0	339	0	0	0	934	0	0	761	0	312	0	0	0	0	354	399	0	0	523
313	987	419	0	832	0	0	996	0	0	5	597	609	0	0	957	0	529	0	713	797	662	0	209	0	659	617	0	0	273	705	749	0	172	0	87	0	0	0	0	913	0	0	739	492	0	0	692	0	0	598	0	0	0	498	0	794	234	944	0	0	0	0	0
0	0	0	0	0	0	172	0	847	658	869	170	899	529	0	0	676	0	0	725	0	414	0	21	0	137	941	397	0	0	451	0	0	0	384	0	821	88	0	0	0	0	0	0	894	0	40	491	0	104	0	853	0	0	0	660	0	0	271	0	0	553	373	163
0	872	623	851	0	0	0	70	0	0	0	402	0	975	419	0	94	271	493	235	0	113	303	144	0	831	0	0	674	884	0	0	0	140	0	0	0	7	33	882	414	571	716	0	616	502	0	0	0	953	0	0	0	0	0	0	893	0	702	0	247	232	509	0
318	0	0	9	507	363	0	977	0	0	349	93	79	0	0	432	231	756	0	0	0	0	0	148	0	0	0	0	760	0	0	0	901	0	367	0	393	0	0	0	797	122	410	0	0	889	0	0	0	0	0	0	0	0	0	0	367	0	410	785	784	731	0	887
107	0	925	298	123	456	157	352	955	0	0	0	0	978	0	0	234	112	697	0	0	0	475	525	0	0	0	0	0	0	225	0	408	0	0	0	0	322	0	700	0	94	483	324	0	912	972	0	0	990	0	0	589	0	41	416	95	269	205	742	334	0	115	0
0	715	0	28	239	975	0	8	391	547	4	0	0	841	619	620	0	934	0	83	758	0	0	868	1	532	918	0	0	425	68	549	181	948	239	232	950	0	0	0	826	0	446	0	390	999	783	42	0	977	0	0	596	0	720	0	0	345	693	0	656	137	610	529
94	0	0	105	0	105	279	24	0	0	635	790	0	0	0	212	586	999	0	0	206	0	520	512	0	573	0	0	0	486	0	521	0	458	481	0	0	0	347	131	426	0	0	0	0	0	343	839	841	883	0	464	254	359	0	793	957	0	0	0	740	909	0	565
0	981	782	793	0	0	439	246	0	488	0	144	0	0	0	0	668	0	0	954	951	152	0	851	534	0	89	0	0	955	0	646	689	0	0	0	158	351	0	0	890	0	824	164	784	0	479	0	694	192	421	508	0	171	400	0	0	0	821	0	984	347	0	0
698	849	533	0	0	0	187	531	945	555	729	0	0	596	444	155	648	0	0	505	920	679	584	0	218	612	0	33	248	0	926	618	0	325	569	748	0	0	0	63	137	0	0	0	690	0	0	0	700	0	882	988	0	0	435	946	0	649	293	0	0	0	0	701
196	0	0	0	863	365	734	0	0	0	0	0	0	0	0	150	225	0	116	769	159	976	958	0	973	0	0	0	215	913	0	0	47	21	415	0	0	874	0	0	583	0	0	421	0	0	648	0	983	684	0	543	658	928	501	0	0	556	550	0	80	619	0	0
0	770	0	208	0	0	0	0	0	85	0	0	785	0	0	0	0	0	28	0	0	0	524	0	0	476	264	112	0	0	0	0	0	0	391	0	0	518	949	0	233	0	0	270	0	91	0	158	0	641	0	0	496	64	0	539	0	0	0	0	0	893	0	0
0	0	0	958	985	136	779	145	906	31	0	0	440	0	32	644	0	0	393	0	352	298	0	630	822	652	194	0	844	0	0	61	0	527	0	14	0	929	0	0	0	0	883	0	339	140	352	0	0	574	0	978	809	776	0	257	0	106	533	0	881	0	131	0
35	532	860	800	228	355	0	571	0	0	0	0	710	679	0	235	0	0	0	715	763	0	0	161	0	738	0	916	0	0	0	872	205	0	476	848	0	0	283	574	0	794	788	0	0	676	0	335	0	893	0	800	0	331	35	86	626	14	0	0	0	0	0	0
206	0	567	0	0	459	0	424	514	544	0	0	125	82	607	474	0	178	303	246	643	447	689	715	0	0	23	0	0	653	865	0	0	891	999	677	0	324	560	669	294	49	0	725	0	869	0	708	0	0	0	611	57	804	0	0	287	596	0	259	0	0	0	827
545	0	910	459	725	125	0	0	0	0	0	236	0	827	0	0	0	244	83	315	100	0	0	925	0	0	448	15	914	771	370	538	423	127	539	0	511	288	274	0	441	0	714	0	0	59	168	0	0	0	0	365	207	255	0	0	0	0	0	148	0	0	256	557
27	185	238	884	0	739	0	0	0	0	0	160	0	0	0	0	0	853	0	697	172	0	253	0	0	0	817	0	876	814	725	0	0	739	0	808	926	0	204	0	0	171	390	0	0	0	394	546	538	0	0	0	0	88	0	0	0	0	0	83	0	0	0	0
0	405	461	690	0	0	0	0	677	405	0	0	0	0	0	161	0	0	0	214	0	46	0	874	54	0	828	0	709	456	0	0	0	0	0	0	677	0	614	641	901	521	296	0	0	0	359	0	0	375	849	0	0	0	657	0	259	0	0	0	0	0	957	0
0	0	0	0	0	484	308	450	0	486	0	303	960	0	717	934	0	357	873	0	617	0	405	0	410	712	916	513	305	0	834	0	578	863	240	193	0	0	271	526	0	521	143	827	611	529	774	921	544	796	933	518	0	846	663	0	939	0	0	0	308	0	928	0
539	53	0	747	0	991	263	469	0	70	0	206	0	105	0	0	812	965	1	0	0	221	0	0	0	0	177	0	988	677	369	624	0	274	0	690	0	16	21	0	0	950	171	0	891	0	0	841	0	402	842	511	756	371	0	0	0	0	0	0	0	0	25	786
0	0	0	0	279	0	756	0	0	0	0	201	326	188	0	0	508	0	0	0	0	517	417	600	642	0	932	0	0	927	0	0	446	0	0	0	0	0	0	0	0	514	0	0	317	339	0	0	0	948	0	0	193	731	0	347	994	0	323	0	0	280	0	1000
492	0	934	338	276	0	661	0	0	823	0	163	919	0	0	265	0	0	414	622	458	0	0	162	622	0	0	784	0	0	0	0	0	0	806	0	598	0	0	0	190	764	986	0	301	702	0	102	0	0	435	268	282	803	113	650	364	0	845	0	821	76	0	0
622	15	997	0	0	0	0	0	0	0	802	0	907	27	320	0	839	0	0	719	0	0	0	0	230	49	214	0	936	941	924	28	48	613	0	0	135	573	748	0	0	0	414	913	978	853	0	0	760	856	456	0	0	148	0	964	923	0	0	0	0	0	0	850
